0 12 4 8 108.074 120.067 108 120 108.074 120.067 112.071 112.071 116.069 116.069 46.8188 45.607 44.7214 44.1814 44 113.772 158.795 147.187 156.205 144.499 153.675 147.513 150.572 76.1052 76.4199 76.9415 175.362 172.557 166.901 169.8 107.703 105.679 112.712 111.14 109.179 87.818 80.9938 84.3801 77.2528 85.8836 82.365 84.0952 80.4984 82.4621 78.7909 8.94427 12.6491 16.4924 16 17.8885 21.5407 112.925 109.252 114.612 114.543 179.689 176.59 175.864 172.696 178.572 174.723 177.539 173.666 126.491 130.782 122.703 
12 0 8 4 96.0833 108.074 96 108 96.0833 108.074 100.08 100.08 104.077 104.077 58.2409 57.2713 56.5685 56.1427 56 112.285 149.933 138.622 147.187 135.765 144.499 138.622 141.534 64.1249 64.4981 65.1153 167.093 164.146 158.493 161.245 97.6524 95.4149 102.215 100.955 98.7927 94.4034 85.8836 91.214 82.365 92.0869 88.8144 89.8888 86.5332 87.818 84.3801 5.65685 4 5.65685 4 29.1204 32.9848 108.812 104.995 109.252 110.055 183.521 179.689 179.778 175.864 182.165 178.393 180.887 177.088 123.223 126.491 119.331 
4 8 0 4 104.077 116.069 104 116 104.077 116.069 108.074 108.074 112.071 112.071 50.5964 49.4773 48.6621 48.1664 48 113.137 155.795 144.278 153.154 141.534 150.572 144.499 147.513 72.111 72.4431 72.9932 172.557 169.706 164.049 166.901 104.307 102.215 109.179 107.703 105.679 89.8888 82.4621 86.5332 78.7909 87.818 84.3801 85.8836 82.365 84.0952 80.4984 5.65685 8.94427 12.6491 12 21.5407 25.2982 111.427 107.703 112.712 112.925 180.887 177.539 177.088 173.666 179.689 175.864 178.572 174.723 125.284 129.244 121.458 
8 4 4 0 100.08 112.071 100 112 100.08 112.071 104.077 104.077 108.074 108.074 54.4059 53.3667 52.6118 52.1536 52 112.641 152.84 141.421 150.147 138.622 147.513 141.534 144.499 68.1175 68.469 69.0507 169.8 166.901 161.245 164.049 100.955 98.7927 105.679 104.307 102.215 92.0869 84.0952 88.8144 80.4984 89.8888 86.5332 87.818 84.3801 85.8836 82.365 4 5.65685 8.94427 8 25.2982 29.1204 110.055 106.283 110.923 111.427 182.165 178.572 178.393 174.723 180.887 177.088 179.689 175.864 124.193 127.812 120.333 
108.074 96.0833 104.077 100.08 0 12 4 12.6491 8 14.4222 4 8.94427 8 11.3137 152.473 152.21 152.053 152 152.053 139.313 100.717 96 96.7471 92 92.7793 92.0869 92.3472 32.9848 34.176 35.7771 121.062 117.098 112.641 113.137 54.4059 50.5964 48.6621 53.3667 49.4773 168.19 153.883 166.517 152.053 164.584 162.874 160.997 159.248 157.429 155.641 100 96 92 92.0869 124.579 128.561 118.727 115.378 109.179 116.619 232 223.893 229.12 220.907 229.26 226.345 226.557 223.607 134.462 128.81 131.027 
120.067 108.074 116.069 112.071 12 0 12.6491 4 14.4222 8 8 11.3137 4 8.94427 164.438 164.195 164.049 164 164.049 147.187 100 96.7471 96 92.7793 92 92.3472 92.0869 44.7214 45.607 46.8188 120.067 116.069 112 112.071 59.0593 55.5698 52 57.2713 53.6656 179.109 164.584 177.539 162.874 175.454 173.851 171.814 170.176 168.19 166.517 112 108 104 104.077 136.528 140.513 125.603 122.442 115.378 123.223 240.433 232 237.655 229.12 237.588 234.776 234.776 231.931 140.911 134.462 137.637 
108 96 104 100 4 12.6491 0 12 4 12.6491 5.65685 5.65685 8.94427 8.94427 152.84 152.473 152.21 152.053 152 142.436 104.69 100 100.717 96 96.7471 96.0833 96.3328 32.249 32.9848 34.176 125.028 121.062 116.619 117.098 58.2409 54.4059 52.6118 57.2713 53.3667 169.941 155.795 168.19 153.883 166.373 164.584 162.825 160.997 159.298 157.429 100.08 96.0833 92.0869 92 124.258 128.25 122.115 118.727 112.712 120.067 234.913 226.91 232 223.893 232.207 229.26 229.539 226.557 137.928 132.424 134.462 
120 108 116 112 12.6491 4 12 0 12.6491 4 8.94427 8.94427 5.65685 5.65685 164.779 164.438 164.195 164.049 164 150.147 104 100.717 100 96.7471 96 96.3328 96.0833 44.1814 44.7214 45.607 124.064 120.067 116 116.069 62.6099 59.0593 55.7136 60.9262 57.2713 180.754 166.373 179.109 164.584 177.133 175.454 173.528 171.814 169.941 168.19 112.071 108.074 104.077 104 136.235 140.228 128.81 125.603 118.727 126.491 243.245 234.913 240.433 232 240.433 237.588 237.655 234.776 144.222 137.928 140.911 
108.074 96.0833 104.077 100.08 8 14.4222 4 12.6491 0 12 8.94427 4 11.3137 8 153.31 152.84 152.473 152.21 152.053 145.602 108.665 104 104.69 100 100.717 100.08 100.319 32 32.249 32.9848 128.996 125.028 120.599 121.062 62.0967 58.2409 56.5685 61.1882 57.2713 171.767 157.785 169.941 155.795 168.238 166.373 164.73 162.825 161.245 159.298 100.319 96.3328 92.3472 92.0869 124.064 128.062 125.539 122.115 116.276 123.548 237.857 229.957 234.913 226.91 235.185 232.207 232.551 229.539 141.421 136.059 137.928 
120.067 108.074 116.069 112.071 14.4222 8 12.6491 4 12 0 11.3137 8 8.94427 4 165.215 164.779 164.438 164.195 164.049 153.154 108 104.69 104 100.717 100 100.319 100.08 44 44.1814 44.7214 128.062 124.064 120 120.067 66.2118 62.6099 59.4643 64.622 60.9262 182.472 168.238 180.754 166.373 178.885 177.133 175.317 173.528 171.767 169.941 112.285 108.296 104.307 104.077 136.059 140.057 132.061 128.81 122.115 129.8 246.089 237.857 243.245 234.913 243.311 240.433 240.566 237.655 147.567 141.421 144.222 
112.071 100.08 108.074 104.077 4 8 5.65685 8.94427 8.94427 11.3137 0 8 4 8.94427 156.461 156.205 156.051 156 156.051 141.873 100.319 96.0833 96.3328 92.0869 92.3472 92 92.0869 36.8782 37.9473 39.3954 120.599 116.619 112.285 112.641 55.7136 52 49.4773 54.4059 50.5964 171.814 157.429 170.176 155.641 168.19 166.517 164.584 162.874 160.997 159.248 104 100 96 96.0833 128.561 132.544 120.93 117.644 111.14 118.727 234.776 226.557 231.931 223.607 232 229.12 229.26 226.345 136.528 130.599 133.147 
112.071 100.08 108.074 104.077 8.94427 11.3137 5.65685 8.94427 4 8 8 0 8.94427 4 157.277 156.818 156.461 156.205 156.051 148.054 108.296 104.077 104.307 100.08 100.319 100 100.08 36 36.2215 36.8782 128.561 124.579 120.266 120.599 63.2456 59.4643 57.2713 62.0967 58.2409 175.317 161.245 173.528 159.298 171.767 169.941 168.238 166.373 164.73 162.825 104.307 100.319 96.3328 96.0833 128.062 132.061 127.624 124.258 118.119 125.539 240.566 232.551 237.655 229.539 237.857 234.913 235.185 232.207 143.388 137.753 139.943 
116.069 104.077 112.071 108.074 8 4 8.94427 5.65685 11.3137 8.94427 4 8.94427 0 8 160.449 160.2 160.05 160 160.05 144.499 100.08 96.3328 96.0833 92.3472 92.0869 92.0869 92 40.7922 41.7612 43.0813 120.266 116.276 112.071 112.285 57.2713 53.6656 50.5964 55.7136 52 175.454 160.997 173.851 159.248 171.814 170.176 168.19 166.517 164.584 162.874 108 104 100 100.08 132.544 136.528 123.223 120 113.208 120.93 237.588 229.26 234.776 226.345 234.776 231.931 232 229.12 138.679 132.484 135.351 
116.069 104.077 112.071 108.074 11.3137 8.94427 8.94427 5.65685 8 4 8.94427 4 8 0 161.245 160.798 160.449 160.2 160.05 150.572 108.074 104.307 104.077 100.319 100.08 100.08 100 40 40.1995 40.7922 128.25 124.258 120.067 120.266 64.622 60.9262 58.2409 63.2456 59.4643 178.885 164.73 177.133 162.825 175.317 173.528 171.767 169.941 168.238 166.373 108.296 104.307 100.319 100.08 132.061 136.059 129.8 126.491 120.067 127.624 243.311 235.185 240.433 232.207 240.566 237.655 237.857 234.913 145.437 139.542 142.042 
46.8188 58.2409 50.5964 54.4059 152.473 164.438 152.84 164.779 153.31 165.215 156.461 157.277 160.449 161.245 0 4 8 12 16 115.378 186.118 173.666 184.261 171.767 182.472 175.317 178.885 121.655 122.376 123.223 199.72 197.585 192.083 195.51 141.76 140.684 148.432 145.602 144.554 60 62.0967 56 58.2409 60.1332 56.1427 60.531 56.5685 61.1882 57.2713 53.3667 57.2713 61.1882 62.0967 36.8782 33.9411 124.451 121.655 130.599 127.311 156.205 156.051 152.21 152.053 156.051 152.053 156 152 133.686 141.534 130.599 
45.607 57.2713 49.4773 53.3667 152.21 164.195 152.473 164.438 152.84 164.779 156.205 156.818 160.2 160.798 4 0 4 8 12 118.727 188.043 175.636 186.118 173.666 184.261 177.178 180.71 121.062 121.655 122.376 201.911 199.72 194.196 197.585 142.941 141.76 149.452 146.751 145.602 64 65.9697 60 62.0967 64.1249 60.1332 64.4981 60.531 65.1153 61.1882 52.6118 56.5685 60.531 61.1882 34.4093 31.241 127.311 124.451 133.207 130.108 160.2 160.05 156.205 156.051 160.05 156.051 160 156 136.821 144.499 133.686 
44.7214 56.5685 48.6621 52.6118 152.053 164.049 152.21 164.195 152.473 164.438 156.051 156.461 160.05 160.449 8 4 0 4 8 122.115 190.032 177.674 188.043 175.636 186.118 179.109 182.603 120.599 121.062 121.655 204.157 201.911 196.367 199.72 144.222 142.941 150.572 148 146.751 68 69.857 64 65.9697 68.1175 64.1249 68.469 64.4981 69.0507 65.1153 52.1536 56.1427 60.1332 60.531 32.249 28.8444 130.231 127.311 135.882 132.966 164.195 164.049 160.2 160.05 164.049 160.05 164 160 140 147.513 136.821 
44.1814 56.1427 48.1664 52.1536 152 164 152.053 164.049 152.21 164.195 156 156.205 160 160.2 12 8 4 0 4 125.539 192.083 179.778 190.032 177.674 188.043 181.108 184.564 120.266 120.599 121.062 206.456 204.157 198.595 201.911 145.602 144.222 151.789 149.345 148 72 73.7564 68 69.857 72.111 68.1175 72.4431 68.469 72.9932 69.0507 52 56 60 60.1332 30.4631 26.8328 133.207 130.231 138.622 135.882 168.19 168.048 164.195 164.049 168.048 164.049 168 164 143.22 150.572 140 
44 56 48 52 152.053 164.049 152 164 152.053 164.049 156.051 156.051 160.05 160.05 16 12 8 4 0 128.996 194.196 181.945 192.083 179.778 190.032 183.172 186.59 120.067 120.266 120.599 208.806 206.456 200.878 204.157 147.078 145.602 153.101 150.785 149.345 76 77.666 72 73.7564 76.1052 72.111 76.4199 72.4431 76.9415 72.9932 52.1536 56.1427 60.1332 60 29.1204 25.2982 136.235 133.207 141.421 138.852 172.186 172.047 168.19 168.048 172.047 168.048 172 168 146.479 153.675 143.22 
113.772 112.285 113.137 112.641 139.313 147.187 142.436 150.147 145.602 153.154 141.873 148.054 144.499 150.572 115.378 118.727 122.115 125.539 128.996 0 100.319 88.8144 100.717 89.4427 101.272 93.3809 97.3242 128.81 132.424 136.059 104.69 104.307 100.08 104.077 91.214 93.723 100 94.4034 96.8297 73.4302 60 75.4718 62.482 69.9714 72.111 66.5733 68.8186 63.2456 65.6049 108.665 108.296 108.074 112.071 125.284 126.491 25.2982 26.8328 37.9473 29.1204 93.723 84.8528 91.214 82.0731 90.6863 88.0909 87.7268 85.0412 21.5407 32.9848 20.3961 
158.795 149.933 155.795 152.84 100.717 100 104.69 104 108.665 108 100.319 108.296 100.08 108.074 186.118 188.043 190.032 192.083 194.196 100.319 0 12.6491 4 14.4222 8 11.3137 8.94427 116.619 120.333 124.064 20.3961 16.4924 12 12.6491 55.5698 59.0593 55.7136 53.6656 57.2713 166.373 150.625 167.093 151.42 162.432 163.169 158.493 159.248 154.557 155.332 150.147 147.187 144.278 147.078 176.182 179.287 76 76.1052 64.1249 72 184.954 173.851 183.521 172.325 181.24 179.778 177.539 176.045 81.5843 69.857 80.895 
147.187 138.622 144.278 141.421 96 96.7471 100 100.717 104 104.69 96.0833 104.077 96.3328 104.307 173.666 175.636 177.674 179.778 181.945 88.8144 12.6491 0 12 4 12.6491 5.65685 8.94427 108.812 112.641 116.482 28.8444 25.6125 20 22.6274 46.8188 50.5964 48.6621 45.607 49.4773 153.883 138.101 154.557 138.852 149.933 150.625 145.986 146.697 142.042 142.773 138.622 135.765 132.966 135.882 164.438 167.475 64.1249 64 52 60.1332 175.454 164.584 173.851 162.874 171.814 170.176 168.19 166.517 70.8802 59.4643 69.857 
156.205 147.187 153.154 150.147 96.7471 96 100.717 100 104.69 104 96.3328 104.307 96.0833 104.077 184.261 186.118 188.043 190.032 192.083 100.717 4 12 0 12.6491 4 8.94427 5.65685 112.925 116.619 120.333 24.3311 20.3961 16 16.4924 52.1536 55.5698 52 50.1199 53.6656 165.747 149.933 166.373 150.625 161.79 162.432 157.835 158.493 153.883 154.557 147.513 144.499 141.534 144.278 173.666 176.816 76.1052 76 64 72.111 186.462 175.454 184.954 173.851 182.779 181.24 179.109 177.539 82.4621 70.8802 81.5843 
144.499 135.765 141.534 138.622 92 92.7793 96 96.7471 100 100.717 92.0869 100.08 92.3472 100.319 171.767 173.666 175.636 177.674 179.778 89.4427 14.4222 4 12.6491 0 12 4 8 104.995 108.812 112.641 32.249 28.8444 23.3238 25.6125 43.0813 46.8188 44.7214 41.7612 45.607 153.31 137.463 153.883 138.101 149.345 149.933 145.382 145.986 141.421 142.042 135.882 132.966 130.108 132.966 161.839 164.924 64.4981 64.1249 52.1536 60.531 177.133 166.373 175.454 164.584 173.528 171.814 169.941 168.19 72.111 60.9262 70.8802 
153.675 144.499 150.572 147.513 92.7793 92 96.7471 96 100.717 100 92.3472 100.319 92.0869 100.08 182.472 184.261 186.118 188.043 190.032 101.272 8 12.6491 4 12 0 8 4 109.252 112.925 116.619 28.2843 24.3311 20 20.3961 48.8262 52.1536 48.3322 46.6476 50.1199 165.215 149.345 165.747 149.933 161.245 161.79 157.277 157.835 153.31 153.883 144.941 141.873 138.852 141.534 171.207 174.402 76.4199 76.1052 64.1249 72.4431 188.043 177.133 186.462 175.454 184.391 182.779 180.754 179.109 83.5225 72.111 82.4621 
147.513 138.622 144.499 141.534 92.0869 92.3472 96.0833 96.3328 100.08 100.319 92 100 92.0869 100.08 175.317 177.178 179.109 181.108 183.172 93.3809 11.3137 5.65685 8.94427 4 8 0 4 106.283 110.055 113.842 30.4631 26.8328 21.5407 23.3238 44.7214 48.3322 45.607 43.0813 46.8188 157.277 141.421 157.835 142.042 153.31 153.883 149.345 149.933 145.382 145.986 138.852 135.882 132.966 135.765 164.924 168.048 68.469 68.1175 56.1427 64.4981 180.754 169.941 179.109 168.19 177.133 175.454 173.528 171.814 75.8947 64.622 74.7262 
150.572 141.534 147.513 144.499 92.3472 92.0869 96.3328 96.0833 100.319 100.08 92.0869 100.08 92 100 178.885 180.71 182.603 184.564 186.59 97.3242 8.94427 8.94427 5.65685 8 4 4 0 107.703 111.427 115.169 29.1204 25.2982 20.3961 21.5407 46.6476 50.1199 46.8188 44.7214 48.3322 161.245 145.382 161.79 145.986 157.277 157.835 153.31 153.883 149.345 149.933 141.873 138.852 135.882 138.622 168.048 171.207 72.4431 72.111 60.1332 68.469 184.391 173.528 182.779 171.814 180.754 179.109 177.133 175.454 79.6994 68.352 78.5875 
76.1052 64.1249 72.111 68.1175 32.9848 44.7214 32.249 44.1814 32 44 36.8782 36 40.7922 40 121.655 121.062 120.599 120.266 120.067 128.81 116.619 108.812 112.925 104.995 109.252 106.283 107.703 0 4 8 136.704 132.966 127.812 129.244 62.0967 58.2409 60.9262 63.2456 59.4643 144.222 131.21 142.042 128.81 140.911 138.679 137.637 135.351 134.402 132.061 68.469 64.4981 60.531 60.1332 92.0869 96.0833 112.641 108.812 105.906 111.571 217.624 210.789 214.401 207.461 215.295 212.038 213.016 209.724 129.12 126.301 125.284 
76.4199 64.4981 72.4431 68.469 34.176 45.607 32.9848 44.7214 32.249 44.1814 37.9473 36.2215 41.7612 40.1995 122.376 121.655 121.062 120.599 120.266 132.424 120.333 112.641 116.619 108.812 112.925 110.055 111.427 4 0 4 140.456 136.704 131.575 132.966 65.9697 62.0967 64.622 67.0522 63.2456 146.479 133.686 144.222 131.21 143.22 140.911 140 137.637 136.821 134.402 69.0507 65.1153 61.1882 60.531 92 96 116.482 112.641 109.836 115.447 220.871 214.14 217.624 210.789 218.577 215.295 216.333 213.016 132.966 130.231 129.12 
76.9415 65.1153 72.9932 69.0507 35.7771 46.8188 34.176 45.607 32.9848 44.7214 39.3954 36.8782 43.0813 40.7922 123.223 122.376 121.655 121.062 120.599 136.059 124.064 116.482 120.333 112.641 116.619 113.842 115.169 8 4 0 144.222 140.456 135.351 136.704 69.857 65.9697 68.352 70.8802 67.0522 148.809 136.235 146.479 133.686 145.602 143.22 142.436 140 139.313 136.821 69.857 65.9697 62.0967 61.1882 92.0869 96.0833 120.333 116.482 113.772 119.331 224.143 217.513 220.871 214.14 221.883 218.577 219.672 216.333 136.821 134.164 132.966 
175.362 167.093 172.557 169.8 121.062 120.067 125.028 124.064 128.996 128.062 120.599 128.561 120.266 128.25 199.72 201.911 204.157 206.456 208.806 104.69 20.3961 28.8444 24.3311 32.249 28.2843 30.4631 29.1204 136.704 140.456 144.222 0 4 8.94427 8 75.1532 78.7909 75.8947 73.5391 77.2528 174.723 159.399 175.864 160.649 170.88 172.047 167.045 168.238 163.218 164.438 166.901 164.146 161.443 164.438 192.416 195.346 82.4621 83.5225 72.111 78.5875 182.428 170.88 181.417 169.8 178.572 177.539 174.723 173.666 84.0952 72.111 84.3801 
172.557 164.146 169.706 166.901 117.098 116.069 121.062 120.067 125.028 124.064 116.619 124.579 116.276 124.258 197.585 199.72 201.911 204.157 206.456 104.307 16.4924 25.6125 20.3961 28.8444 24.3311 26.8328 25.2982 132.966 136.704 140.456 4 0 5.65685 4 71.5542 75.1532 72.111 69.857 73.5391 173.666 158.24 174.723 159.399 169.8 170.88 165.94 167.045 162.086 163.218 164.049 161.245 158.493 161.443 189.694 192.666 81.5843 82.4621 70.8802 77.666 183.521 172.047 182.428 170.88 179.689 178.572 175.864 174.723 84 72 84.0952 
166.901 158.493 164.049 161.245 112.641 112 116.619 116 120.599 120 112.285 120.266 112.071 120.067 192.083 194.196 196.367 198.595 200.878 100.08 12 20 16 23.3238 20 21.5407 20.3961 127.812 131.575 135.351 8.94427 5.65685 0 4 66.2118 69.857 67.0522 64.622 68.352 168.808 153.31 169.8 154.402 164.924 165.94 161.047 162.086 157.175 158.24 158.392 155.589 152.84 155.795 184.043 187.019 76.9415 77.666 65.9697 72.9932 180.887 169.517 179.689 168.238 177.088 175.864 173.297 172.047 80.0999 68.1175 80 
169.8 161.245 166.901 164.049 113.137 112.071 117.098 116.069 121.062 120.067 112.641 120.599 112.285 120.266 195.51 197.585 199.72 201.911 204.157 104.077 12.6491 22.6274 16.4924 25.6125 20.3961 23.3238 21.5407 129.244 132.966 136.704 8 4 4 0 68 71.5542 68.352 66.2118 69.857 172.696 157.175 173.666 158.24 168.808 169.8 164.924 165.94 161.047 162.086 161.245 158.392 155.589 158.493 187.019 190.032 80.895 81.5843 69.857 76.9415 184.694 173.297 183.521 172.047 180.887 179.689 177.088 175.864 84.0952 72.111 84 
107.703 97.6524 104.307 100.955 54.4059 59.0593 58.2409 62.6099 62.0967 66.2118 55.7136 63.2456 57.2713 64.622 141.76 142.941 144.222 145.602 147.078 91.214 55.5698 46.8188 52.1536 43.0813 48.8262 44.7214 46.6476 62.0967 65.9697 69.857 75.1532 71.5542 66.2118 68 0 4 8.94427 4 5.65685 137.463 121.655 136.938 121.062 133.507 132.966 129.553 128.996 125.603 125.028 98.7927 95.4149 92.0869 94.4034 125.539 128.996 67.8823 65.1153 56.8507 65.1153 184.911 175.727 182.428 173.113 181.813 179.287 178.751 176.182 82.4621 75.4718 79.3977 
105.679 95.4149 102.215 98.7927 50.5964 55.5698 54.4059 59.0593 58.2409 62.6099 52 59.4643 53.6656 60.9262 140.684 141.76 142.941 144.222 145.602 93.723 59.0593 50.5964 55.5698 46.8188 52.1536 48.3322 50.1199 58.2409 62.0967 65.9697 78.7909 75.1532 69.857 71.5542 4 0 8 5.65685 4 138.101 122.376 137.463 121.655 134.164 133.507 130.231 129.553 126.301 125.603 96.7471 93.2952 89.8888 92.0869 123.548 127.059 70.7672 67.8823 60 68.1175 187.446 178.393 184.911 175.727 184.391 181.813 181.373 178.751 85.6037 78.8923 82.4621 
112.712 102.215 109.179 105.679 48.6621 52 52.6118 55.7136 56.5685 59.4643 49.4773 57.2713 50.5964 58.2409 148.432 149.452 150.572 151.789 153.101 100 55.7136 48.6621 52 44.7214 48.3322 45.607 46.8188 60.9262 64.622 68.352 75.8947 72.111 67.0522 68.352 8.94427 8 0 5.65685 4 145.986 130.231 145.382 129.553 142.042 141.421 138.101 137.463 134.164 133.507 103.769 100.24 96.7471 98.7927 130.599 134.164 76.4199 73.7564 65.1153 73.5391 193.659 184.391 191.207 181.813 190.536 188.043 187.446 184.911 90.6863 83.2346 87.7268 
111.14 100.955 107.703 104.307 53.3667 57.2713 57.2713 60.9262 61.1882 64.622 54.4059 62.0967 55.7136 63.2456 145.602 146.751 148 149.345 150.785 94.4034 53.6656 45.607 50.1199 41.7612 46.6476 43.0813 44.7214 63.2456 67.0522 70.8802 73.5391 69.857 64.622 66.2118 4 5.65685 5.65685 0 4 141.421 125.603 140.911 125.028 137.463 136.938 133.507 132.966 129.553 128.996 102.215 98.7927 95.4149 97.6524 128.996 132.484 70.7672 68.1175 59.4643 67.8823 188.043 178.751 185.602 176.182 184.911 182.428 181.813 179.287 85.0412 77.666 82.0731 
109.179 98.7927 105.679 102.215 49.4773 53.6656 53.3667 57.2713 57.2713 60.9262 50.5964 58.2409 52 59.4643 144.554 145.602 146.751 148 149.345 96.8297 57.2713 49.4773 53.6656 45.607 50.1199 46.8188 48.3322 59.4643 63.2456 67.0522 77.2528 73.5391 68.352 69.857 5.65685 4 4 4 0 142.042 126.301 141.421 125.603 138.101 137.463 134.164 133.507 130.231 129.553 100.24 96.7471 93.2952 95.4149 127.059 130.599 73.5391 70.7672 62.482 70.7672 190.536 181.373 188.043 178.751 187.446 184.911 184.391 181.813 88.0909 80.9938 85.0412 
87.818 94.4034 89.8888 92.0869 168.19 179.109 169.941 180.754 171.767 182.472 171.814 175.317 175.454 178.885 60 64 68 72 76 73.4302 166.373 153.883 165.747 153.31 165.215 157.277 161.245 144.222 146.479 148.809 174.723 173.666 168.808 172.696 137.463 138.101 145.986 141.421 142.042 0 16 4 16.4924 4 5.65685 8 8.94427 12 12.6491 88.8144 91.214 93.723 96.8297 88.5438 87.3613 92.3472 91.214 102.84 96.1665 96.3328 96.0833 92.3472 92.0869 96.0833 92.0869 96 92 94.8262 105.603 93.0376 
80.9938 85.8836 82.4621 84.0952 153.883 164.584 155.795 166.373 157.785 168.238 157.429 161.245 160.997 164.73 62.0967 65.9697 69.857 73.7564 77.666 60 150.625 138.101 149.933 137.463 149.345 141.421 145.382 131.21 133.686 136.235 159.399 158.24 153.31 157.175 121.655 122.376 130.231 125.603 126.301 16 0 16.4924 4 12 12.6491 8 8.94427 4 5.65685 80.4984 82.365 84.3801 87.818 84.8528 84.3801 77.2528 75.8947 87.3613 80.9938 98.9545 96.7471 95.0789 92.7793 98.0612 94.1488 97.3242 93.3809 80.9938 91.3017 78.8923 
84.3801 91.214 86.5332 88.8144 166.517 177.539 168.19 179.109 169.941 180.754 170.176 173.528 173.851 177.133 56 60 64 68 72 75.4718 167.093 154.557 166.373 153.883 165.747 157.835 161.79 142.042 144.222 146.479 175.864 174.723 169.8 173.666 136.938 137.463 145.382 140.911 141.421 4 16.4924 0 16 5.65685 4 8.94427 8 12.6491 12 85.6037 88.0909 90.6863 93.723 84.7585 83.5225 93.6376 92.3472 103.846 97.4064 100.319 100.08 96.3328 96.0833 100.08 96.0833 100 96 96.7471 107.331 94.8262 
77.2528 82.365 78.7909 80.4984 152.053 162.874 153.883 164.584 155.795 166.373 155.641 159.298 159.248 162.825 58.2409 62.0967 65.9697 69.857 73.7564 62.482 151.42 138.852 150.625 138.101 149.933 142.042 145.986 128.81 131.21 133.686 160.649 159.399 154.402 158.24 121.062 121.655 129.553 125.028 125.603 16.4924 4 16 0 12.6491 12 8.94427 8 5.65685 4 76.9415 78.8923 80.9938 84.3801 80.895 80.399 78.7909 77.2528 88.5438 82.4621 102.84 100.717 98.9545 96.7471 101.98 98.0612 101.272 97.3242 83.2346 93.2952 80.9938 
85.8836 92.0869 87.818 89.8888 164.584 175.454 166.373 177.133 168.238 178.885 168.19 171.767 171.814 175.317 60.1332 64.1249 68.1175 72.111 76.1052 69.9714 162.432 149.933 161.79 149.345 161.245 153.31 157.277 140.911 143.22 145.602 170.88 169.8 164.924 168.808 133.507 134.164 142.042 137.463 138.101 4 12 5.65685 12.6491 0 4 4 5.65685 8 8.94427 86.5332 88.8144 91.214 94.4034 87.3613 86.3481 88.5438 87.3613 98.9545 92.3472 96.7471 96 92.7793 92 96.3328 92.3472 96.0833 92.0869 91.3017 101.98 89.4427 
82.365 88.8144 84.3801 86.5332 162.874 173.851 164.584 175.454 166.373 177.133 166.517 169.941 170.176 173.528 56.1427 60.1332 64.1249 68.1175 72.111 72.111 163.169 150.625 162.432 149.933 161.79 153.883 157.835 138.679 140.911 143.22 172.047 170.88 165.94 169.8 132.966 133.507 141.421 136.938 137.463 5.65685 12.6491 4 12 4 0 5.65685 4 8.94427 8 83.2346 85.6037 88.0909 91.214 83.5225 82.4621 89.8888 88.5438 100 93.6376 100.717 100 96.7471 96 100.319 96.3328 100.08 96.0833 93.2952 103.769 91.3017 
84.0952 89.8888 85.8836 87.818 160.997 171.814 162.825 173.528 164.73 175.317 164.584 168.238 168.19 171.767 60.531 64.4981 68.469 72.4431 76.4199 66.5733 158.493 145.986 157.835 145.382 157.277 149.345 153.31 137.637 140 142.436 167.045 165.94 161.047 164.924 129.553 130.231 138.101 133.507 134.164 8 8 8.94427 8.94427 4 5.65685 0 4 4 5.65685 84.3801 86.5332 88.8144 92.0869 86.3481 85.5102 84.7585 83.5225 95.0789 88.5438 97.3242 96.0833 93.3809 92.0869 96.7471 92.7793 96.3328 92.3472 87.818 98.387 85.8836 
80.4984 86.5332 82.365 84.3801 159.248 170.176 160.997 171.814 162.825 173.528 162.874 166.373 166.517 169.941 56.5685 60.531 64.4981 68.469 72.4431 68.8186 159.248 146.697 158.493 145.986 157.835 149.933 153.883 135.351 137.637 140 168.238 167.045 162.086 165.94 128.996 129.553 137.463 132.966 133.507 8.94427 8.94427 8 8 5.65685 4 4 0 5.65685 4 80.9938 83.2346 85.6037 88.8144 82.4621 81.5843 86.1626 84.7585 96.1665 89.8888 101.272 100.08 97.3242 96.0833 100.717 96.7471 100.319 96.3328 89.8888 100.24 87.818 
82.4621 87.818 84.0952 85.8836 157.429 168.19 159.298 169.941 161.245 171.767 160.997 164.73 164.584 168.238 61.1882 65.1153 69.0507 72.9932 76.9415 63.2456 154.557 142.042 153.883 141.421 153.31 145.382 149.345 134.402 136.821 139.313 163.218 162.086 157.175 161.047 125.603 126.301 134.164 129.553 130.231 12 4 12.6491 5.65685 8 8.94427 4 5.65685 0 4 82.365 84.3801 86.5332 89.8888 85.5102 84.8528 80.9938 79.6994 91.214 84.7585 98.0612 96.3328 94.1488 92.3472 97.3242 93.3809 96.7471 92.7793 84.3801 94.8262 82.365 
78.7909 84.3801 80.4984 82.365 155.641 166.517 157.429 168.19 159.298 169.941 159.248 162.825 162.874 166.373 57.2713 61.1882 65.1153 69.0507 72.9932 65.6049 155.332 142.773 154.557 142.042 153.883 145.986 149.933 132.061 134.402 136.821 164.438 163.218 158.24 162.086 125.028 125.603 133.507 128.996 129.553 12.6491 5.65685 12 4 8.94427 8 5.65685 4 4 0 78.8923 80.9938 83.2346 86.5332 81.5843 80.895 82.4621 80.9938 92.3472 86.1626 101.98 100.319 98.0612 96.3328 101.272 97.3242 100.717 96.7471 86.5332 96.7471 84.3801 
8.94427 5.65685 5.65685 4 100 112 100.08 112.071 100.319 112.285 104 104.307 108 108.296 53.3667 52.6118 52.1536 52 52.1536 108.665 150.147 138.622 147.513 135.882 144.941 138.852 141.873 68.469 69.0507 69.857 166.901 164.049 158.392 161.245 98.7927 96.7471 103.769 102.215 100.24 88.8144 80.4984 85.6037 76.9415 86.5332 83.2346 84.3801 80.9938 82.365 78.8923 0 4 8 8.94427 26.8328 30.4631 106.283 102.528 107.331 107.703 178.393 174.723 174.631 170.88 177.088 173.297 175.864 172.047 120.333 124.064 116.482 
12.6491 4 8.94427 5.65685 96 108 96.0833 108.074 96.3328 108.296 100 100.319 104 104.307 57.2713 56.5685 56.1427 56 56.1427 108.296 147.187 135.765 144.499 132.966 141.873 135.882 138.852 64.4981 65.1153 65.9697 164.146 161.245 155.589 158.392 95.4149 93.2952 100.24 98.7927 96.7471 91.214 82.365 88.0909 78.8923 88.8144 85.6037 86.5332 83.2346 84.3801 80.9938 4 0 4 5.65685 30.4631 34.176 104.995 101.193 105.603 106.283 179.778 175.864 176.045 172.047 178.393 174.631 177.088 173.297 119.331 122.703 115.447 
16.4924 5.65685 12.6491 8.94427 92 104 92.0869 104.077 92.3472 104.307 96 96.3328 100 100.319 61.1882 60.531 60.1332 60 60.1332 108.074 144.278 132.966 141.534 130.108 138.852 132.966 135.882 60.531 61.1882 62.0967 161.443 158.493 152.84 155.589 92.0869 89.8888 96.7471 95.4149 93.2952 93.723 84.3801 90.6863 80.9938 91.214 88.0909 88.8144 85.6037 86.5332 83.2346 8 4 0 4 34.176 37.9473 103.846 100 104 104.995 181.24 177.088 177.539 173.297 179.778 176.045 178.393 174.631 118.457 121.458 114.543 
16 4 12 8 92.0869 104.077 92 104 92.0869 104.077 96.0833 96.0833 100.08 100.08 62.0967 61.1882 60.531 60.1332 60 112.071 147.078 135.882 144.278 132.966 141.534 135.765 138.622 60.1332 60.531 61.1882 164.438 161.443 155.795 158.493 94.4034 92.0869 98.7927 97.6524 95.4149 96.8297 87.818 93.723 84.3801 94.4034 91.214 92.0869 88.8144 89.8888 86.5332 8.94427 5.65685 4 0 32.9848 36.8782 107.703 103.846 107.703 108.812 184.954 180.887 181.24 177.088 183.521 179.778 182.165 178.393 122.376 125.284 118.457 
17.8885 29.1204 21.5407 25.2982 124.579 136.528 124.258 136.235 124.064 136.059 128.561 128.062 132.544 132.061 36.8782 34.4093 32.249 30.4631 29.1204 125.284 176.182 164.438 173.666 161.839 171.207 164.924 168.048 92.0869 92 92.0869 192.416 189.694 184.043 187.019 125.539 123.548 130.599 128.996 127.059 88.5438 84.8528 84.7585 80.895 87.3613 83.5225 86.3481 82.4621 85.5102 81.5843 26.8328 30.4631 34.176 32.9848 0 4 127.059 123.548 129.8 128.996 183.565 181.593 179.644 177.629 182.822 178.885 182.165 178.213 139.714 144.941 136.059 
21.5407 32.9848 25.2982 29.1204 128.561 140.513 128.25 140.228 128.062 140.057 132.544 132.061 136.528 136.059 33.9411 31.241 28.8444 26.8328 25.2982 126.491 179.287 167.475 176.816 164.924 174.402 168.048 171.207 96.0833 96 96.0833 195.346 192.666 187.019 190.032 128.996 127.059 134.164 132.484 130.599 87.3613 84.3801 83.5225 80.399 86.3481 82.4621 85.5102 81.5843 84.8528 80.895 30.4631 34.176 37.9473 36.8782 4 0 128.996 125.539 132.061 131.027 182.822 181.108 178.885 177.133 182.165 178.213 181.593 177.629 141.365 146.86 137.753 
112.925 108.812 111.427 110.055 118.727 125.603 122.115 128.81 125.539 132.061 120.93 127.624 123.223 129.8 124.451 127.311 130.231 133.207 136.235 25.2982 76 64.1249 76.1052 64.4981 76.4199 68.469 72.4431 112.641 116.482 120.333 82.4621 81.5843 76.9415 80.895 67.8823 70.7672 76.4199 70.7672 73.5391 92.3472 77.2528 93.6376 78.7909 88.5438 89.8888 84.7585 86.1626 80.9938 82.4621 106.283 104.995 103.846 107.703 127.059 128.996 0 4 12.6491 4 117.644 108.074 115.378 105.603 114.403 112.071 111.212 108.812 16.4924 17.8885 12.6491 
109.252 104.995 107.703 106.283 115.378 122.442 118.727 125.603 122.115 128.81 117.644 124.258 120 126.491 121.655 124.451 127.311 130.231 133.207 26.8328 76.1052 64 76 64.1249 76.1052 68.1175 72.111 108.812 112.641 116.482 83.5225 82.4621 77.666 81.5843 65.1153 67.8823 73.7564 68.1175 70.7672 91.214 75.8947 92.3472 77.2528 87.3613 88.5438 83.5225 84.7585 79.6994 80.9938 102.528 101.193 100 103.846 123.548 125.539 4 0 12 5.65685 120 110.635 117.644 108.074 116.825 114.403 113.701 111.212 20.3961 21.5407 16.4924 
114.612 109.252 112.712 110.923 109.179 115.378 112.712 118.727 116.276 122.115 111.14 118.119 113.208 120.067 130.599 133.207 135.882 138.622 141.421 37.9473 64.1249 52 64 52.1536 64.1249 56.1427 60.1332 105.906 109.836 113.772 72.111 70.8802 65.9697 69.857 56.8507 60 65.1153 59.4643 62.482 102.84 87.3613 103.846 88.5438 98.9545 100 95.0789 96.1665 91.214 92.3472 107.331 105.603 104 107.703 129.8 132.061 12.6491 12 0 8.94427 129.8 120 127.624 117.644 126.491 124.258 123.223 120.93 25.6125 20.3961 22.6274 
114.543 110.055 112.925 111.427 116.619 123.223 120.067 126.491 123.548 129.8 118.727 125.539 120.93 127.624 127.311 130.108 132.966 135.882 138.852 29.1204 72 60.1332 72.111 60.531 72.4431 64.4981 68.469 111.571 115.447 119.331 78.5875 77.666 72.9932 76.9415 65.1153 68.1175 73.5391 67.8823 70.7672 96.1665 80.9938 97.4064 82.4621 92.3472 93.6376 88.5438 89.8888 84.7585 86.1626 107.703 106.283 104.995 108.812 128.996 131.027 4 5.65685 8.94427 0 120.93 111.212 118.727 108.812 117.644 115.378 114.403 112.071 17.8885 16.4924 14.4222 
179.689 183.521 180.887 182.165 232 240.433 234.913 243.245 237.857 246.089 234.776 240.566 237.588 243.311 156.205 160.2 164.195 168.19 172.186 93.723 184.954 175.454 186.462 177.133 188.043 180.754 184.391 217.624 220.871 224.143 182.428 183.521 180.887 184.694 184.911 187.446 193.659 188.043 190.536 96.3328 98.9545 100.319 102.84 96.7471 100.717 97.3242 101.272 98.0612 101.98 178.393 179.778 181.24 184.954 183.565 182.822 117.644 120 129.8 120.93 0 12 4 12.6491 4 5.65685 8 8.94427 105.679 116.276 107.703 
176.59 179.689 177.539 178.572 223.893 232 226.91 234.913 229.957 237.857 226.557 232.551 229.26 235.185 156.051 160.05 164.049 168.048 172.047 84.8528 173.851 164.584 175.454 166.373 177.133 169.941 173.528 210.789 214.14 217.513 170.88 172.047 169.517 173.297 175.727 178.393 184.391 178.751 181.373 96.0833 96.7471 100.08 100.717 96 100 96.0833 100.08 96.3328 100.319 174.723 175.864 177.088 180.887 181.593 181.108 108.074 110.635 120 111.212 12 0 12.6491 4 8 8.94427 4 5.65685 95.4149 105.679 97.6524 
175.864 179.778 177.088 178.393 229.12 237.655 232 240.433 234.913 243.245 231.931 237.655 234.776 240.433 152.21 156.205 160.2 164.195 168.19 91.214 183.521 173.851 184.954 175.454 186.462 179.109 182.779 214.401 217.624 220.871 181.417 182.428 179.689 183.521 182.428 184.911 191.207 185.602 188.043 92.3472 95.0789 96.3328 98.9545 92.7793 96.7471 93.3809 97.3242 94.1488 98.0612 174.631 176.045 177.539 181.24 179.644 178.885 115.378 117.644 127.624 118.727 4 12.6491 0 12 5.65685 4 8.94427 8 103.769 114.543 105.679 
172.696 175.864 173.666 174.723 220.907 229.12 223.893 232 226.91 234.913 223.607 229.539 226.345 232.207 152.053 156.051 160.05 164.049 168.048 82.0731 172.325 162.874 173.851 164.584 175.454 168.19 171.814 207.461 210.789 214.14 169.8 170.88 168.238 172.047 173.113 175.727 181.813 176.182 178.751 92.0869 92.7793 96.0833 96.7471 92 96 92.0869 96.0833 92.3472 96.3328 170.88 172.047 173.297 177.088 177.629 177.133 105.603 108.074 117.644 108.812 12.6491 4 12 0 8.94427 8 5.65685 4 93.2952 103.769 95.4149 
178.572 182.165 179.689 180.887 229.26 237.588 232.207 240.433 235.185 243.311 232 237.857 234.776 240.566 156.051 160.05 164.049 168.048 172.047 90.6863 181.24 171.814 182.779 173.528 184.391 177.133 180.754 215.295 218.577 221.883 178.572 179.689 177.088 180.887 181.813 184.391 190.536 184.911 187.446 96.0833 98.0612 100.08 101.98 96.3328 100.319 96.7471 100.717 97.3242 101.272 177.088 178.393 179.778 183.521 182.822 182.165 114.403 116.825 126.491 117.644 4 8 5.65685 8.94427 0 4 4 5.65685 102.215 112.712 104.307 
174.723 178.393 175.864 177.088 226.345 234.776 229.26 237.588 232.207 240.433 229.12 234.913 231.931 237.655 152.053 156.051 160.05 164.049 168.048 88.0909 179.778 170.176 181.24 171.814 182.779 175.454 179.109 212.038 215.295 218.577 177.539 178.572 175.864 179.689 179.287 181.813 188.043 182.428 184.911 92.0869 94.1488 96.0833 98.0612 92.3472 96.3328 92.7793 96.7471 93.3809 97.3242 173.297 174.631 176.045 179.778 178.885 178.213 112.071 114.403 124.258 115.378 5.65685 8.94427 4 8 4 0 5.65685 4 100.24 110.923 102.215 
177.539 180.887 178.572 179.689 226.557 234.776 229.539 237.655 232.551 240.566 229.26 235.185 232 237.857 156 160 164 168 172 87.7268 177.539 168.19 179.109 169.941 180.754 173.528 177.133 213.016 216.333 219.672 174.723 175.864 173.297 177.088 178.751 181.373 187.446 181.813 184.391 96 97.3242 100 101.272 96.0833 100.08 96.3328 100.319 96.7471 100.717 175.864 177.088 178.393 182.165 182.165 181.593 111.212 113.701 123.223 114.403 8 4 8.94427 5.65685 4 5.65685 0 4 98.7927 109.179 100.955 
173.666 177.088 174.723 175.864 223.607 231.931 226.557 234.776 229.539 237.655 226.345 232.207 229.12 234.913 152 156 160 164 168 85.0412 176.045 166.517 177.539 168.19 179.109 171.814 175.454 209.724 213.016 216.333 173.666 174.723 172.047 175.864 176.182 178.751 184.911 179.287 181.813 92 93.3809 96 97.3242 92.0869 96.0833 92.3472 96.3328 92.7793 96.7471 172.047 173.297 174.631 178.393 178.213 177.629 108.812 111.212 120.93 112.071 8.94427 5.65685 8 4 5.65685 4 4 0 96.7471 107.331 98.7927 
126.491 123.223 125.284 124.193 134.462 140.911 137.928 144.222 141.421 147.567 136.528 143.388 138.679 145.437 133.686 136.821 140 143.22 146.479 21.5407 81.5843 70.8802 82.4621 72.111 83.5225 75.8947 79.6994 129.12 132.966 136.821 84.0952 84 80.0999 84.0952 82.4621 85.6037 90.6863 85.0412 88.0909 94.8262 80.9938 96.7471 83.2346 91.3017 93.2952 87.818 89.8888 84.3801 86.5332 120.333 119.331 118.457 122.376 139.714 141.365 16.4924 20.3961 25.6125 17.8885 105.679 95.4149 103.769 93.2952 102.215 100.24 98.7927 96.7471 0 12 4 
130.782 126.491 129.244 127.812 128.81 134.462 132.424 137.928 136.059 141.421 130.599 137.753 132.484 139.542 141.534 144.499 147.513 150.572 153.675 32.9848 69.857 59.4643 70.8802 60.9262 72.111 64.622 68.352 126.301 130.231 134.164 72.111 72 68.1175 72.111 75.4718 78.8923 83.2346 77.666 80.9938 105.603 91.3017 107.331 93.2952 101.98 103.769 98.387 100.24 94.8262 96.7471 124.064 122.703 121.458 125.284 144.941 146.86 17.8885 21.5407 20.3961 16.4924 116.276 105.679 114.543 103.769 112.712 110.923 109.179 107.331 12 0 12.6491 
122.703 119.331 121.458 120.333 131.027 137.637 134.462 140.911 137.928 144.222 133.147 139.943 135.351 142.042 130.599 133.686 136.821 140 143.22 20.3961 80.895 69.857 81.5843 70.8802 82.4621 74.7262 78.5875 125.284 129.12 132.966 84.3801 84.0952 80 84 79.3977 82.4621 87.7268 82.0731 85.0412 93.0376 78.8923 94.8262 80.9938 89.4427 91.3017 85.8836 87.818 82.365 84.3801 116.482 115.447 114.543 118.457 136.059 137.753 12.6491 16.4924 22.6274 14.4222 107.703 97.6524 105.679 95.4149 104.307 102.215 100.955 98.7927 4 12.6491 0 
