0 4 8 109.836 106.508 103.228 118.457 113.137 114.543 121.655 113.772 114.543 108.812 110.923 104.995 107.331 101.193 103.769 97.4064 112.925 101.98 111.427 100.319 110.055 98.7927 161.245 166.373 162.874 164.584 103.228 100 95.4149 96.8297 83.5225 87.3613 124.258 120.067 120.93 116.619 117.644 113.208 122.115 72.111 73.5391 62.6099 68.352 69.857 64.622 66.2118 105.603 108.074 102.45 104.995 99.3579 101.98 96.3328 99.0353 93.3809 96.1665 36.8782 37.9473 39.3954 150.147 144.499 147.513 141.873 144.941 139.313 142.436 155.589 54.4059 50.1199 52.1536 133.686 138.852 106.283 103.846 102.528 100 96.1665 
4 0 4 113.208 109.836 106.508 122.376 117.098 118.457 125.603 117.712 118.186 112.641 114.543 108.812 110.923 104.995 107.331 101.193 116.619 105.603 115.169 104 113.842 102.528 164.924 169.941 166.517 168.19 106.508 103.228 98.7927 100 82.4621 86.3481 127.624 123.548 124.258 120.067 120.93 116.619 125.539 70.8802 72.111 60.9262 67.0522 68.352 63.2456 64.622 108.812 111.212 105.603 108.074 102.45 104.995 99.3579 101.98 96.3328 99.0353 36.2215 36.8782 37.9473 152.84 147.187 150.147 144.499 147.513 141.873 144.941 158.493 57.6888 53.6656 55.5698 136.821 141.873 110.055 107.703 106.283 103.846 100 
8 4 0 116.619 113.208 109.836 126.301 121.062 122.376 129.553 121.655 121.852 116.482 118.186 112.641 114.543 108.812 110.923 104.995 120.333 109.252 118.929 107.703 117.644 106.283 168.618 173.528 170.176 171.814 109.836 106.508 102.215 103.228 81.5843 85.5102 131.027 127.059 127.624 123.548 124.258 120.067 128.996 69.857 70.8802 59.4643 65.9697 67.0522 62.0967 63.2456 112.071 114.403 108.812 111.212 105.603 108.074 102.45 104.995 99.3579 101.98 36 36.2215 36.8782 155.589 149.933 152.84 147.187 150.147 144.499 147.513 161.443 61.0574 57.2713 59.0593 140 144.941 113.842 111.571 110.055 107.703 103.846 
109.836 113.208 116.619 0 4 8 43.2666 48.3322 41.1825 48.8262 44.7214 108.665 92.7793 108.296 92.3472 108.074 92.0869 108 92 104.69 104 100.717 100 96.7471 96 56.1427 58.2409 56.5685 57.2713 120.266 120.599 112.641 121.062 117.712 118.457 128.561 120.599 128.25 120.266 128.062 120.067 124.579 172.743 175.454 166.901 169.8 172.557 166.901 169.706 8.94427 11.3137 12.6491 14.4222 16.4924 17.8885 20.3961 21.5407 24.3311 25.2982 138.622 141.534 144.499 52.6118 48.1664 52.1536 48 52 48.1664 52.1536 52 103.769 96.7471 100.24 26.8328 34.176 96.3328 88.3629 96.0833 88.0909 88 
106.508 109.836 113.208 4 0 4 45.607 50.1199 43.2666 51.225 46.6476 109.179 93.3809 108.665 92.7793 108.296 92.3472 108.074 92.0869 105.224 104.077 101.272 100.08 97.3242 96.0833 60.1332 62.0967 60.531 61.1882 120.067 120.266 112.285 120.599 113.772 114.543 128.996 121.062 128.561 120.599 128.25 120.266 125.028 170.082 172.743 164.049 167.093 169.8 164.146 166.901 5.65685 8.94427 8.94427 11.3137 12.6491 14.4222 16.4924 17.8885 20.3961 21.5407 135.765 138.622 141.534 53.3667 48.6621 52.6118 48.1664 52.1536 48 52 53.6656 101.98 94.8262 98.387 28.8444 35.7771 96.7471 88.8144 96.3328 88.3629 88.0909 
103.228 106.508 109.836 8 4 0 48.1664 52.1536 45.607 53.8145 48.8262 109.836 94.1488 109.179 93.3809 108.665 92.7793 108.296 92.3472 105.906 104.307 101.98 100.319 98.0612 96.3328 64.1249 65.9697 64.4981 65.1153 120 120.067 112.071 120.266 109.836 110.635 129.553 121.655 128.996 121.062 128.561 120.599 125.603 167.475 170.082 161.245 164.438 167.093 161.443 164.146 4 8 5.65685 8.94427 8.94427 11.3137 12.6491 14.4222 16.4924 17.8885 132.966 135.765 138.622 54.4059 49.4773 53.3667 48.6621 52.6118 48.1664 52.1536 55.5698 100.319 93.0376 96.6644 31.241 37.7359 97.3242 89.4427 96.7471 88.8144 88.3629 
118.457 122.376 126.301 43.2666 45.607 48.1664 0 8.94427 4 5.65685 5.65685 72.9932 57.2713 73.7564 58.2409 74.7262 59.4643 75.8947 60.9262 69.0507 72.111 65.1153 68.352 61.1882 64.622 51.225 61.0574 54.4059 57.6888 89.8888 91.3893 84.0952 93.0376 150.785 152.315 92.7793 84.8528 93.3809 85.5102 94.1488 86.3481 88.8144 167.523 170.88 164.73 165.36 168.76 163.267 166.709 51.225 54.4059 53.8145 56.8507 56.5685 59.4643 59.4643 62.2254 62.482 65.1153 137.753 141.365 144.997 89.4427 86.3481 90.2441 87.3613 91.214 88.5438 92.3472 84.0952 91.214 86.5332 88.8144 61.1882 69.0507 62.0967 54.4059 63.2456 55.7136 57.2713 
113.137 117.098 121.062 48.3322 50.1199 52.1536 8.94427 0 8 8.94427 4 64.4981 48.6621 65.1153 49.4773 65.9697 50.5964 67.0522 52 60.531 63.2456 56.5685 59.4643 52.6118 55.7136 60 69.9714 63.2456 66.5733 80.9938 82.4621 75.1532 84.0952 150.306 152.053 84.3801 76.4199 84.8528 76.9415 85.5102 77.666 80.399 159.85 163.267 157.429 157.785 161.245 155.795 159.298 55.5698 59.0593 57.6888 61.0574 60 63.2456 62.482 65.6049 65.1153 68.1175 130.782 134.462 138.159 96.7471 93.3809 97.3242 94.1488 98.0612 95.0789 98.9545 92 83.2346 78.8923 80.9938 68.469 76.4199 53.3667 45.607 54.4059 46.8188 48.3322 
114.543 118.457 122.376 41.1825 43.2666 45.607 4 8 0 8.94427 4 72.4431 56.5685 72.9932 57.2713 73.7564 58.2409 74.7262 59.4643 68.469 70.8802 64.4981 67.0522 60.531 63.2456 53.8145 63.2456 56.8507 60 88.5438 89.8888 82.4621 91.3893 147.078 148.647 92.3472 84.3801 92.7793 84.8528 93.3809 85.5102 88.3629 164.195 167.523 161.245 161.988 165.36 159.85 163.267 48.8262 52.1536 51.225 54.4059 53.8145 56.8507 56.5685 59.4643 59.4643 62.2254 134.164 137.753 141.365 88.8144 85.5102 89.4427 86.3481 90.2441 87.3613 91.214 84 88.0909 83.2346 85.6037 60.531 68.469 61.1882 53.3667 62.0967 54.4059 55.7136 
121.655 125.603 129.553 48.8262 51.225 53.8145 5.65685 8.94427 8.94427 0 8 69.857 54.4059 70.8802 55.7136 72.111 57.2713 73.5391 59.0593 65.9697 69.857 62.0967 66.2118 58.2409 62.6099 52.1536 62.6099 55.5698 59.0593 87.7268 89.4427 82.365 91.3017 156 157.582 89.4427 81.5843 90.2441 82.4621 91.214 83.5225 85.5102 168.76 172.186 166.373 166.709 170.176 164.73 168.238 56.8507 60 59.4643 62.482 62.2254 65.1153 65.1153 67.8823 68.1175 70.7672 139.714 143.388 147.078 94.1488 91.214 95.0789 92.3472 96.1665 93.6376 97.4064 88.3629 92.0869 87.818 89.8888 65.9697 73.7564 59.4643 52 60.9262 53.6656 55.5698 
113.772 117.712 121.655 44.7214 46.6476 48.8262 5.65685 4 4 8 0 68.469 52.6118 69.0507 53.3667 69.857 54.4059 70.8802 55.7136 64.4981 67.0522 60.531 63.2456 56.5685 59.4643 56.8507 66.5733 60 63.2456 84.7585 86.1626 78.7909 87.7268 148.647 150.306 88.3629 80.399 88.8144 80.895 89.4427 81.5843 84.3801 161.988 165.36 159.298 159.85 163.267 157.785 161.245 52.1536 55.5698 54.4059 57.6888 56.8507 60 59.4643 62.482 62.2254 65.1153 132.424 136.059 139.714 92.7793 89.4427 93.3809 90.2441 94.1488 91.214 95.0789 88 85.6037 80.9938 83.2346 64.4981 72.4431 57.2713 49.4773 58.2409 50.5964 52 
114.543 118.186 121.852 108.665 109.179 109.836 72.9932 64.4981 72.4431 69.857 68.469 0 16 4 16.4924 8 17.8885 12 20 4 12.6491 8 14.4222 12 16.9706 120.333 131.575 124.064 127.812 23.3238 26.8328 24.3311 30.4631 181.019 183.87 20 12 20.3961 12.6491 21.5407 14.4222 16 129.553 133.507 132.242 128.996 132.966 128.561 132.544 113.772 117.712 114.543 118.457 115.447 119.331 116.482 120.333 117.644 121.458 112.641 116.619 120.599 160.05 156.205 160.2 156.461 160.449 156.818 160.798 156.205 62.0967 64.622 63.2456 132 140 12.6491 20.3961 14.4222 21.5407 23.3238 
108.812 112.641 116.482 92.7793 93.3809 94.1488 57.2713 48.6621 56.5685 54.4059 52.6118 16 0 16.4924 4 17.8885 8 20 12 12 16.9706 8 14.4222 4 12.6491 105.603 116.619 109.252 112.925 34.4093 36.8782 31.241 39.598 170.082 172.743 36 28 36.2215 28.2843 36.8782 29.1204 32 132.966 136.821 134.164 131.939 135.823 131.027 134.937 98.0612 101.98 98.9545 102.84 100 103.846 101.193 104.995 102.528 106.283 112.071 116.069 120.067 144.056 140.228 144.222 140.513 144.499 140.911 144.886 140.228 60 60.531 60.1332 116 124 5.65685 5.65685 8.94427 8.94427 12.6491 
110.923 114.543 118.186 108.296 108.665 109.179 73.7564 65.1153 72.9932 70.8802 69.0507 4 16.4924 0 16 4 16.4924 8 17.8885 5.65685 8.94427 8.94427 11.3137 12.6491 14.4222 121.852 132.966 125.539 129.244 20 23.3238 20.3961 26.8328 178.213 181.108 20.3961 12.6491 20 12 20.3961 12.6491 16.4924 125.603 129.553 128.25 125.028 128.996 124.579 128.561 113.137 117.098 113.772 117.712 114.543 118.457 115.447 119.331 116.482 120.333 108.665 112.641 116.619 160 156.051 160.05 156.205 160.2 156.461 160.449 156.461 58.2409 60.9262 59.4643 132.061 140.057 12 20 12.6491 20.3961 21.5407 
104.995 108.812 112.641 92.3472 92.7793 93.3809 58.2409 49.4773 57.2713 55.7136 53.3667 16.4924 4 16 0 16.4924 4 17.8885 8 12.6491 14.4222 8.94427 11.3137 5.65685 8.94427 107.331 118.186 110.923 114.543 32.249 34.4093 28.2843 36.8782 167.093 169.8 36.2215 28.2843 36 28 36.2215 28.2843 32.249 129.12 132.966 130.231 128.062 131.939 127.122 131.027 97.3242 101.272 98.0612 101.98 98.9545 102.84 100 103.846 101.193 104.995 108.074 112.071 116.069 144 140.057 144.056 140.228 144.222 140.513 144.499 140.513 56 56.5685 56.1427 116.069 124.064 4 4 5.65685 5.65685 8.94427 
107.331 110.923 114.543 108.074 108.296 108.665 74.7262 65.9697 73.7564 72.111 69.857 8 17.8885 4 16.4924 0 16 4 16.4924 8.94427 5.65685 11.3137 8.94427 14.4222 12.6491 123.483 134.462 127.122 130.782 16.9706 20 16.4924 23.3238 175.454 178.393 21.5407 14.4222 20.3961 12.6491 20 12 17.8885 121.655 125.603 124.258 121.062 125.028 120.599 124.579 112.641 116.619 113.137 117.098 113.772 117.712 114.543 118.457 115.447 119.331 104.69 108.665 112.641 160.05 156 160 156.051 160.05 156.205 160.2 156.818 54.4059 57.2713 55.7136 132.242 140.228 12.6491 20.3961 12 20 20.3961 
101.193 104.995 108.812 92.0869 92.3472 92.7793 59.4643 50.5964 58.2409 57.2713 54.4059 17.8885 8 16.4924 4 16 0 16.4924 4 14.4222 12.6491 11.3137 8.94427 8.94427 5.65685 109.179 119.867 112.712 116.276 30.4631 32.249 25.6125 34.4093 164.146 166.901 36.8782 29.1204 36.2215 28.2843 36 28 32.9848 125.284 129.12 126.301 124.193 128.062 123.223 127.122 96.7471 100.717 97.3242 101.272 98.0612 101.98 98.9545 102.84 100 103.846 104.077 108.074 112.071 144.056 140 144 140.057 144.056 140.228 144.222 140.911 52 52.6118 52.1536 116.276 124.258 5.65685 5.65685 4 4 5.65685 
103.769 107.331 110.923 108 108.074 108.296 75.8947 67.0522 74.7262 73.5391 70.8802 12 20 8 17.8885 4 16.4924 0 16 12.6491 4 14.4222 8 16.9706 12 125.22 136.059 128.81 132.424 14.4222 16.9706 12.6491 20 172.743 175.727 23.3238 16.9706 21.5407 14.4222 20.3961 12.6491 20 117.712 121.655 120.266 117.098 121.062 116.619 120.599 112.285 116.276 112.641 116.619 113.137 117.098 113.772 117.712 114.543 118.457 100.717 104.69 108.665 160.2 156.051 160.05 156 160 156.051 160.05 157.277 50.5964 53.6656 52 132.544 140.513 14.4222 21.5407 12.6491 20.3961 20 
97.4064 101.193 104.995 92 92.0869 92.3472 60.9262 52 59.4643 59.0593 55.7136 20 12 17.8885 8 16.4924 4 16 0 16.9706 12 14.4222 8 12.6491 4 111.14 121.655 114.612 118.119 29.1204 30.4631 23.3238 32.249 161.245 164.049 37.9473 30.4631 36.8782 29.1204 36.2215 28.2843 34.176 121.458 125.284 122.376 120.333 124.193 119.331 123.223 96.3328 100.319 96.7471 100.717 97.3242 101.272 98.0612 101.98 98.9545 102.84 100.08 104.077 108.074 144.222 140.057 144.056 140 144 140.057 144.056 141.421 48 48.6621 48.1664 116.619 124.579 8.94427 8.94427 5.65685 5.65685 4 
112.925 116.619 120.333 104.69 105.224 105.906 69.0507 60.531 68.469 65.9697 64.4981 4 12 5.65685 12.6491 8.94427 14.4222 12.6491 16.9706 0 12 4 12.6491 8 14.4222 116.619 127.812 120.333 124.064 25.6125 28.8444 25.2982 32.249 178.213 181.019 24 16 24.3311 16.4924 25.2982 17.8885 20 130.231 134.164 132.544 129.553 133.507 128.996 132.966 109.836 113.772 110.635 114.543 111.571 115.447 112.641 116.482 113.842 117.644 112.285 116.276 120.266 156.051 152.21 156.205 152.473 156.461 152.84 156.818 152.21 61.1882 63.2456 62.0967 128 136 8.94427 16.4924 11.3137 17.8885 20 
101.98 105.603 109.252 104 104.077 104.307 72.111 63.2456 70.8802 69.857 67.0522 12.6491 16.9706 8.94427 14.4222 5.65685 12.6491 4 12 12 0 12.6491 4 14.4222 8 121.655 132.424 125.22 128.81 17.8885 20 14.4222 22.6274 169.8 172.743 26.8328 20 25.2982 17.8885 24.3311 16.4924 23.3238 118.457 122.376 120.599 117.712 121.655 117.098 121.062 108.296 112.285 108.665 112.641 109.179 113.137 109.836 113.772 110.635 114.543 100.319 104.307 108.296 156.205 152.053 156.051 152 156 152.053 156.051 153.31 49.4773 52 50.5964 128.561 136.528 11.3137 17.8885 8.94427 16.4924 16 
111.427 115.169 118.929 100.717 101.272 101.98 65.1153 56.5685 64.4981 62.0967 60.531 8 8 8.94427 8.94427 11.3137 11.3137 14.4222 14.4222 4 12.6491 0 12 4 12.6491 112.925 124.064 116.619 120.333 28.2843 31.241 26.8328 34.4093 175.454 178.213 28 20 28.2843 20.3961 29.1204 21.5407 24 131.027 134.937 132.966 130.231 134.164 129.553 133.507 105.906 109.836 106.733 110.635 107.703 111.571 108.812 112.641 110.055 113.842 112.071 116.069 120.067 152.053 148.216 152.21 148.486 152.473 148.862 152.84 148.216 60.531 62.0967 61.1882 124 132 5.65685 12.6491 8.94427 14.4222 16.9706 
100.319 104 107.703 100 100.08 100.319 68.352 59.4643 67.0522 66.2118 63.2456 14.4222 14.4222 11.3137 11.3137 8.94427 8.94427 8 8 12.6491 4 12 0 12.6491 4 118.119 128.81 121.655 125.22 21.5407 23.3238 16.9706 25.6125 166.901 169.8 30.4631 23.3238 29.1204 21.5407 28.2843 20.3961 26.8328 119.331 123.223 121.062 118.457 122.376 117.712 121.655 104.307 108.296 104.69 108.665 105.224 109.179 105.906 109.836 106.733 110.635 100.08 104.077 108.074 152.21 148.054 152.053 148 152 148.054 152.053 149.345 48.6621 50.5964 49.4773 124.579 132.544 8.94427 14.4222 5.65685 12.6491 12 
110.055 113.842 117.644 96.7471 97.3242 98.0612 61.1882 52.6118 60.531 58.2409 56.5685 12 4 12.6491 5.65685 14.4222 8.94427 16.9706 12.6491 8 14.4222 4 12.6491 0 12 109.252 120.333 112.925 116.619 31.241 33.9411 28.8444 36.8782 172.743 175.454 32 24 32.249 24.3311 32.9848 25.2982 28 131.939 135.823 133.507 131.027 134.937 130.231 134.164 101.98 105.906 102.84 106.733 103.846 107.703 104.995 108.812 106.283 110.055 112 116 120 148.054 144.222 148.216 144.499 148.486 144.886 148.862 144.222 60.1332 61.1882 60.531 120 128 4 8.94427 8 11.3137 14.4222 
98.7927 102.528 106.283 96 96.0833 96.3328 64.622 55.7136 63.2456 62.6099 59.4643 16.9706 12.6491 14.4222 8.94427 12.6491 5.65685 12 4 14.4222 8 12.6491 4 12 0 114.612 125.22 118.119 121.655 25.2982 26.8328 20 28.8444 164.049 166.901 34.176 26.8328 32.9848 25.2982 32.249 24.3311 30.4631 120.333 124.193 121.655 119.331 123.223 118.457 122.376 100.319 104.307 100.717 104.69 101.272 105.224 101.98 105.906 102.84 106.733 100 104 108 148.216 144.056 148.054 144 148 144.056 148.054 145.382 48.1664 49.4773 48.6621 120.599 128.561 8 11.3137 4 8.94427 8 
161.245 164.924 168.618 56.1427 60.1332 64.1249 51.225 60 53.8145 52.1536 56.8507 120.333 105.603 121.852 107.331 123.483 109.179 125.22 111.14 116.619 121.655 112.925 118.119 109.252 114.612 0 12 4 8 139.542 141.421 134.462 143.388 172.743 173.159 139.14 131.575 140.456 132.966 141.873 134.462 135.351 216.813 220 213.016 214.401 217.624 212.038 215.295 64 64.1249 68 68.1175 72 72.111 76 76.1052 80 80.0999 185.3 188.68 192.083 67.8823 68.1175 70.7672 71.218 73.7564 74.4043 76.8375 56.8507 141.534 136.235 138.852 48.3322 52.1536 110.923 103.769 112.712 105.679 107.703 
166.373 169.941 173.528 58.2409 62.0967 65.9697 61.0574 69.9714 63.2456 62.6099 66.5733 131.575 116.619 132.966 118.186 134.462 119.867 136.059 121.655 127.812 132.424 124.064 128.81 120.333 125.22 12 0 8 4 150.306 152.053 144.941 153.883 172.047 172.186 150.572 142.941 151.789 144.222 153.101 145.602 146.751 224.321 227.403 220 221.775 224.891 219.272 222.423 65.1153 64.4981 69.0507 68.469 72.9932 72.4431 76.9415 76.4199 80.895 80.399 192.042 195.305 198.595 60 61.0574 63.2456 64.4981 66.5733 68 69.9714 48.1664 149.933 144.278 147.078 44.7214 46.8188 121.852 114.543 123.483 116.276 118.119 
162.874 166.517 170.176 56.5685 60.531 64.4981 54.4059 63.2456 56.8507 55.5698 60 124.064 109.252 125.539 110.923 127.122 112.712 128.81 114.612 120.333 125.22 116.619 121.655 112.925 118.119 4 8 0 4 143.108 144.941 137.928 146.86 172.418 172.743 142.941 135.351 144.222 136.704 145.602 138.159 139.14 219.272 222.423 215.295 216.813 220 214.401 217.624 64.1249 64 68.1175 68 72.111 72 76.1052 76 80.0999 80 187.489 190.83 194.196 65.1153 65.6049 68.1175 68.8186 71.218 72.111 74.4043 53.8145 144.278 138.852 141.534 46.8188 50.1199 114.543 107.331 116.276 109.179 111.14 
164.584 168.19 171.814 57.2713 61.1882 65.1153 57.6888 66.5733 60 59.0593 63.2456 127.812 112.925 129.244 114.543 130.782 116.276 132.424 118.119 124.064 128.81 120.333 125.22 116.619 121.655 8 4 4 0 146.697 148.486 141.421 150.36 172.186 172.418 146.751 139.14 148 140.456 149.345 141.873 142.941 221.775 224.891 217.624 219.272 222.423 216.813 220 64.4981 64.1249 68.469 68.1175 72.4431 72.111 76.4199 76.1052 80.399 80.0999 189.737 193.039 196.367 62.482 63.2456 65.6049 66.5733 68.8186 69.9714 72.111 50.9117 147.078 141.534 144.278 45.607 48.3322 118.186 110.923 119.867 112.712 114.612 
103.228 106.508 109.836 120.266 120.067 120 89.8888 80.9938 88.5438 87.7268 84.7585 23.3238 34.4093 20 32.249 16.9706 30.4631 14.4222 29.1204 25.6125 17.8885 28.2843 21.5407 31.241 25.2982 139.542 150.306 143.108 146.697 0 4 8.94427 8 176.816 180 21.5407 20 17.8885 16 14.4222 12 20.3961 108.296 112.285 112.071 108.074 112.071 108 112 124 128 124.064 128.062 124.258 128.25 124.579 128.561 125.028 128.996 95.0789 98.9545 102.84 172.743 168.428 172.418 168.19 172.186 168.048 172.047 170.317 48.8262 53.8145 51.225 145.382 153.31 28.8444 35.7771 26.8328 34.176 32.9848 
100 103.228 106.508 120.599 120.266 120.067 91.3893 82.4621 89.8888 89.4427 86.1626 26.8328 36.8782 23.3238 34.4093 20 32.249 16.9706 30.4631 28.8444 20 31.241 23.3238 33.9411 26.8328 141.421 152.053 144.941 148.486 4 0 8 4 174.402 177.629 25.2982 24 21.5407 20 17.8885 16 24.3311 104.307 108.296 108.074 104.077 108.074 104 108 124.064 128.062 124 128 124.064 128.062 124.258 128.25 124.579 128.561 91.214 95.0789 98.9545 173.159 168.76 172.743 168.428 172.418 168.19 172.186 171.02 45.607 50.9117 48.1664 145.986 153.883 31.241 37.7359 28.8444 35.7771 34.176 
95.4149 98.7927 102.215 112.641 112.285 112.071 84.0952 75.1532 82.4621 82.365 78.7909 24.3311 31.241 20.3961 28.2843 16.4924 25.6125 12.6491 23.3238 25.2982 14.4222 26.8328 16.9706 28.8444 20 134.462 144.941 137.928 141.421 8.94427 8 0 8.94427 168.048 171.207 28.8444 25.2982 25.6125 21.5407 22.6274 17.8885 26.8328 105.224 109.179 108.074 104.69 108.665 104.307 108.296 116.069 120.067 116 120 116.069 120.067 116.276 120.266 116.619 120.599 89.4427 93.3809 97.3242 165.215 160.798 164.779 160.449 164.438 160.2 164.195 163.169 41.1825 45.607 43.2666 138.101 145.986 25.6125 31.241 22.6274 28.8444 26.8328 
96.8297 100 103.228 121.062 120.599 120.266 93.0376 84.0952 91.3893 91.3017 87.7268 30.4631 39.598 26.8328 36.8782 23.3238 34.4093 20 32.249 32.249 22.6274 34.4093 25.6125 36.8782 28.8444 143.388 153.883 146.86 150.36 8 4 8.94427 0 172.047 175.317 29.1204 28 25.2982 24 21.5407 20 28.2843 100.319 104.307 104.077 100.08 104.077 100 104 124.258 128.25 124.064 128.062 124 128 124.064 128.062 124.258 128.25 87.3613 91.214 95.0789 173.666 169.186 173.159 168.76 172.743 168.428 172.418 171.814 42.5206 48.1664 45.2548 146.697 154.557 33.9411 40 31.241 37.7359 35.7771 
83.5225 82.4621 81.5843 117.712 113.772 109.836 150.785 150.306 147.078 156 148.647 181.019 170.082 178.213 167.093 175.454 164.146 172.743 161.245 178.213 169.8 175.454 166.901 172.743 164.049 172.743 172.047 172.418 172.186 176.816 174.402 168.048 172.047 0 4 195.673 189.694 193.08 187.019 190.536 184.391 192.666 148 148.054 136.059 144 144.056 140 140.057 109.179 108.665 105.224 104.69 101.272 100.717 97.3242 96.7471 93.3809 92.7793 117.098 116.619 116.276 128.062 123.223 124.193 119.331 120.333 115.447 116.482 138.852 131.027 124.258 127.624 128.062 128.561 169.8 164.438 166.901 161.443 158.493 
87.3613 86.3481 85.5102 118.457 114.543 110.635 152.315 152.053 148.647 157.582 150.306 183.87 172.743 181.108 169.8 178.393 166.901 175.727 164.049 181.019 172.743 178.213 169.8 175.454 166.901 173.159 172.186 172.743 172.418 180 177.629 171.207 175.317 4 0 198.716 192.666 196.163 190.032 193.659 187.446 195.673 152 152.053 140.057 148 148.054 144 144.056 109.836 109.179 105.906 105.224 101.98 101.272 98.0612 97.3242 94.1488 93.3809 121.062 120.599 120.266 127.122 122.376 123.223 118.457 119.331 114.543 115.447 138.101 134.462 127.624 131.027 128 128.25 172.557 167.093 169.706 164.146 161.245 
124.258 127.624 131.027 128.561 128.996 129.553 92.7793 84.3801 92.3472 89.4427 88.3629 20 36 20.3961 36.2215 21.5407 36.8782 23.3238 37.9473 24 26.8328 28 30.4631 32 34.176 139.14 150.572 142.941 146.751 21.5407 25.2982 28.8444 29.1204 195.673 198.716 0 8 4 8.94427 8 11.3137 4 128 132 132.544 128.062 132.061 128.25 132.242 133.507 137.463 134.164 138.101 134.937 138.852 135.823 139.714 136.821 140.684 116.482 120.333 124.193 180.044 176.182 180.178 176.409 180.4 176.726 180.71 176.182 69.9714 74.4043 72.111 152 160 32.249 40.1995 32.9848 40.7922 41.7612 
120.067 123.548 127.059 120.599 121.062 121.655 84.8528 76.4199 84.3801 81.5843 80.399 12 28 12.6491 28.2843 14.4222 29.1204 16.9706 30.4631 16 20 20 23.3238 24 26.8328 131.575 142.941 135.351 139.14 20 24 25.2982 28 189.694 192.666 8 0 8.94427 4 11.3137 8 4 128.25 132.242 132.061 128.062 132.061 128 132 125.603 129.553 126.301 130.231 127.122 131.027 128.062 131.939 129.12 132.966 114.543 118.457 122.376 172.047 168.19 172.186 168.428 172.418 168.76 172.743 168.19 66.2118 69.9714 68 144 152 24.3311 32.249 25.2982 32.9848 34.176 
120.93 124.258 127.624 128.25 128.561 128.996 93.3809 84.8528 92.7793 90.2441 88.8144 20.3961 36.2215 20 36 20.3961 36.2215 21.5407 36.8782 24.3311 25.2982 28.2843 29.1204 32.249 32.9848 140.456 151.789 144.222 148 17.8885 21.5407 25.6125 25.2982 193.08 196.163 4 8.94427 0 8 4 8.94427 5.65685 124 128 128.561 124.064 128.062 124.258 128.25 132.966 136.938 133.507 137.463 134.164 138.101 134.937 138.852 135.823 139.714 112.641 116.482 120.333 180 176.045 180.044 176.182 180.178 176.409 180.4 176.409 66.5733 71.218 68.8186 152.053 160.05 32 40 32.249 40.1995 40.7922 
116.619 120.067 123.548 120.266 120.599 121.062 85.5102 76.9415 84.8528 82.4621 80.895 12.6491 28.2843 12 28 12.6491 28.2843 14.4222 29.1204 16.4924 17.8885 20.3961 21.5407 24.3311 25.2982 132.966 144.222 136.704 140.456 16 20 21.5407 24 187.019 190.032 8.94427 4 8 0 8.94427 4 5.65685 124.258 128.25 128.062 124.064 128.062 124 128 125.028 128.996 125.603 129.553 126.301 130.231 127.122 131.027 128.062 131.939 110.635 114.543 118.457 172 168.048 172.047 168.19 172.186 168.428 172.418 168.428 62.6099 66.5733 64.4981 144.056 152.053 24 32 24.3311 32.249 32.9848 
117.644 120.93 124.258 128.062 128.25 128.561 94.1488 85.5102 93.3809 91.214 89.4427 21.5407 36.8782 20.3961 36.2215 20 36 20.3961 36.2215 25.2982 24.3311 29.1204 28.2843 32.9848 32.249 141.873 153.101 145.602 149.345 14.4222 17.8885 22.6274 21.5407 190.536 193.659 8 11.3137 4 8.94427 0 8 8.94427 120 124 124.579 120.067 124.064 120.266 124.258 132.544 136.528 132.966 136.938 133.507 137.463 134.164 138.101 134.937 138.852 108.812 112.641 116.482 180.044 176 180 176.045 180.044 176.182 180.178 176.726 63.2456 68.1175 65.6049 152.21 160.2 32.249 40.1995 32 40 40.1995 
113.208 116.619 120.067 120.067 120.266 120.599 86.3481 77.666 85.5102 83.5225 81.5843 14.4222 29.1204 12.6491 28.2843 12 28 12.6491 28.2843 17.8885 16.4924 21.5407 20.3961 25.2982 24.3311 134.462 145.602 138.159 141.873 12 16 17.8885 20 184.391 187.446 11.3137 8 8.94427 4 8 0 8.94427 120.266 124.258 124.064 120.067 124.064 120 124 124.579 128.561 125.028 128.996 125.603 129.553 126.301 130.231 127.122 131.027 106.733 110.635 114.543 172.047 168 172 168.048 172.047 168.19 172.186 168.76 59.0593 63.2456 61.0574 144.222 152.21 24.3311 32.249 24 32 32.249 
122.115 125.539 128.996 124.579 125.028 125.603 88.8144 80.399 88.3629 85.5102 84.3801 16 32 16.4924 32.249 17.8885 32.9848 20 34.176 20 23.3238 24 26.8328 28 30.4631 135.351 146.751 139.14 142.941 20.3961 24.3311 26.8328 28.2843 192.666 195.673 4 4 5.65685 5.65685 8.94427 8.94427 0 128.062 132.061 132.242 128 132 128.062 132.061 129.553 133.507 130.231 134.164 131.027 134.937 131.939 135.823 132.966 136.821 115.447 119.331 123.223 176.045 172.186 176.182 172.418 176.409 172.743 176.726 172.186 68 72.111 69.9714 148 156 28.2843 36.2215 29.1204 36.8782 37.9473 
72.111 70.8802 69.857 172.743 170.082 167.475 167.523 159.85 164.195 168.76 161.988 129.553 132.966 125.603 129.12 121.655 125.284 117.712 121.458 130.231 118.457 131.027 119.331 131.939 120.333 216.813 224.321 219.272 221.775 108.296 104.307 105.224 100.319 148 152 128 128.25 124 124.258 120 120.266 128.062 0 4 12.6491 4 5.65685 8 8.94427 170.552 173.666 168.048 171.207 165.602 168.808 163.218 166.469 160.897 164.195 35.7771 34.176 32.9848 218.577 213.016 216.333 210.789 214.14 208.614 212 222.423 76.9415 80.9938 78.8923 198.716 204.9 128.062 130.292 124.193 126.491 122.703 
73.5391 72.111 70.8802 175.454 172.743 170.082 170.88 163.267 167.523 172.186 165.36 133.507 136.821 129.553 132.966 125.603 129.12 121.655 125.284 134.164 122.376 134.937 123.223 135.823 124.193 220 227.403 222.423 224.891 112.285 108.296 109.179 104.307 148.054 152.053 132 132.242 128 128.25 124 124.258 132.061 4 0 12 5.65685 4 8.94427 8 173.113 176.182 170.552 173.666 168.048 171.207 165.602 168.808 163.218 166.469 37.7359 35.7771 34.176 220.871 215.295 218.577 213.016 216.333 210.789 214.14 224.891 80.4984 84.3801 82.365 201.316 207.422 131.939 134.104 128.062 130.292 126.491 
62.6099 60.9262 59.4643 166.901 164.049 161.245 164.73 157.429 161.245 166.373 159.298 132.242 134.164 128.25 130.231 124.258 126.301 120.266 122.376 132.544 120.599 132.966 121.062 133.507 121.655 213.016 220 215.295 217.624 112.071 108.074 108.074 104.077 136.059 140.057 132.544 132.061 128.561 128.062 124.579 124.064 132.242 12.6491 12 0 8.94427 8 5.65685 4 164.146 167.093 161.443 164.438 158.795 161.839 156.205 159.298 153.675 156.818 28.2843 25.6125 23.3238 211.206 205.602 208.806 203.214 206.456 200.878 204.157 215.629 75.8947 78.7909 77.2528 192.416 198.313 129.553 131.027 125.603 127.122 123.223 
68.352 67.0522 65.9697 169.8 167.093 164.438 165.36 157.785 161.988 166.709 159.85 128.996 131.939 125.028 128.062 121.062 124.193 117.098 120.333 129.553 117.712 130.231 118.457 131.027 119.331 214.401 221.775 216.813 219.272 108.074 104.077 104.69 100.08 144 148 128.062 128.062 124.064 124.064 120.067 120.067 128 4 5.65685 8.94427 0 4 4 5.65685 167.475 170.552 164.924 168.048 162.432 165.602 160 163.218 157.632 160.897 32.249 30.4631 29.1204 215.295 209.724 213.016 207.461 210.789 205.251 208.614 219.272 75.1532 78.8923 76.9415 195.673 201.792 127.122 129.12 123.223 125.284 121.458 
69.857 68.352 67.0522 172.557 169.8 167.093 168.76 161.245 165.36 170.176 163.267 132.966 135.823 128.996 131.939 125.028 128.062 121.062 124.193 133.507 121.655 134.164 122.376 134.937 123.223 217.624 224.891 220 222.423 112.071 108.074 108.665 104.077 144.056 148.054 132.061 132.061 128.062 128.062 124.064 124.064 132 5.65685 4 8 4 0 5.65685 4 170.082 173.113 167.475 170.552 164.924 168.048 162.432 165.602 160 163.218 34.4093 32.249 30.4631 217.624 212.038 215.295 209.724 213.016 207.461 210.789 221.775 78.7909 82.365 80.4984 198.313 204.353 131.027 132.966 127.122 129.12 125.284 
64.622 63.2456 62.0967 166.901 164.146 161.443 163.267 155.795 159.85 164.73 157.785 128.561 131.027 124.579 127.122 120.599 123.223 116.619 119.331 128.996 117.098 129.553 117.712 130.231 118.457 212.038 219.272 214.401 216.813 108 104 104.307 100 140 144 128.25 128 124.258 124 120.266 120 128.062 8 8.94427 5.65685 4 5.65685 0 4 164.438 167.475 161.839 164.924 159.298 162.432 156.818 160 154.402 157.632 28.8444 26.8328 25.2982 212.038 206.456 209.724 204.157 207.461 201.911 205.251 216.148 73.5391 76.9415 75.1532 192.666 198.716 126.301 128.062 122.376 124.193 120.333 
66.2118 64.622 63.2456 169.706 166.901 164.146 166.709 159.298 163.267 168.238 161.245 132.544 134.937 128.561 131.027 124.579 127.122 120.599 123.223 132.966 121.062 133.507 121.655 134.164 122.376 215.295 222.423 217.624 220 112 108 108.296 104 140.057 144.056 132.242 132 128.25 128 124.258 124 132.061 8.94427 8 4 5.65685 4 4 0 167.093 170.082 164.438 167.475 161.839 164.924 159.298 162.432 156.818 160 31.241 28.8444 26.8328 214.401 208.806 212.038 206.456 209.724 204.157 207.461 218.687 77.2528 80.4984 78.7909 195.346 201.316 130.231 131.939 126.301 128.062 124.193 
105.603 108.812 112.071 8.94427 5.65685 4 51.225 55.5698 48.8262 56.8507 52.1536 113.772 98.0612 113.137 97.3242 112.641 96.7471 112.285 96.3328 109.836 108.296 105.906 104.307 101.98 100.319 64 65.1153 64.1249 64.4981 124 124.064 116.069 124.258 109.179 109.836 133.507 125.603 132.966 125.028 132.544 124.579 129.553 170.552 173.113 164.146 167.475 170.082 164.438 167.093 0 4 4 5.65685 8 8.94427 12 12.6491 16 16.4924 135.882 138.622 141.421 50.5964 45.607 49.4773 44.7214 48.6621 44.1814 48.1664 52.1536 104 96.6644 100.319 28.2843 34.4093 101.272 93.3809 100.717 92.7793 92.3472 
108.074 111.212 114.403 11.3137 8.94427 8 54.4059 59.0593 52.1536 60 55.5698 117.712 101.98 117.098 101.272 116.619 100.717 116.276 100.319 113.772 112.285 109.836 108.296 105.906 104.307 64.1249 64.4981 64 64.1249 128 128.062 120.067 128.25 108.665 109.179 137.463 129.553 136.938 128.996 136.528 128.561 133.507 173.666 176.182 167.093 170.552 173.113 167.475 170.082 4 0 5.65685 4 8.94427 8 12.6491 12 16.4924 16 138.852 141.534 144.278 46.8188 41.7612 45.607 40.7922 44.7214 40.1995 44.1814 48.8262 107.703 100.319 104 25.6125 31.241 105.224 97.3242 104.69 96.7471 96.3328 
102.45 105.603 108.812 12.6491 8.94427 5.65685 53.8145 57.6888 51.225 59.4643 54.4059 114.543 98.9545 113.772 98.0612 113.137 97.3242 112.641 96.7471 110.635 108.665 106.733 104.69 102.84 100.717 68 69.0507 68.1175 68.469 124.064 124 116 124.064 105.224 105.906 134.164 126.301 133.507 125.603 132.966 125.028 130.231 168.048 170.552 161.443 164.924 167.475 161.839 164.438 4 5.65685 0 4 4 5.65685 8 8.94427 12 12.6491 133.207 135.882 138.622 52 46.8188 50.5964 45.607 49.4773 44.7214 48.6621 54.4059 102.528 95.0789 98.7927 31.241 36.8782 101.98 94.1488 101.272 93.3809 92.7793 
104.995 108.074 111.212 14.4222 11.3137 8.94427 56.8507 61.0574 54.4059 62.482 57.6888 118.457 102.84 117.712 101.98 117.098 101.272 116.619 100.717 114.543 112.641 110.635 108.665 106.733 104.69 68.1175 68.469 68 68.1175 128.062 128 120 128.062 104.69 105.224 138.101 130.231 137.463 129.553 136.938 128.996 134.164 171.207 173.666 164.438 168.048 170.552 164.924 167.475 5.65685 4 4 0 5.65685 4 8.94427 8 12.6491 12 136.235 138.852 141.534 48.3322 43.0813 46.8188 41.7612 45.607 40.7922 44.7214 51.225 106.283 98.7927 102.528 28.8444 33.9411 105.906 98.0612 105.224 97.3242 96.7471 
99.3579 102.45 105.603 16.4924 12.6491 8.94427 56.5685 60 53.8145 62.2254 56.8507 115.447 100 114.543 98.9545 113.772 98.0612 113.137 97.3242 111.571 109.179 107.703 105.224 103.846 101.272 72 72.9932 72.111 72.4431 124.258 124.064 116.069 124 101.272 101.98 134.937 127.122 134.164 126.301 133.507 125.603 131.027 165.602 168.048 158.795 162.432 164.924 159.298 161.839 8 8.94427 4 5.65685 0 4 4 5.65685 8 8.94427 130.599 133.207 135.882 53.6656 48.3322 52 46.8188 50.5964 45.607 49.4773 56.8507 101.193 93.6376 97.4064 34.4093 39.598 102.84 95.0789 101.98 94.1488 93.3809 
101.98 104.995 108.074 17.8885 14.4222 11.3137 59.4643 63.2456 56.8507 65.1153 60 119.331 103.846 118.457 102.84 117.712 101.98 117.098 101.272 115.447 113.137 111.571 109.179 107.703 105.224 72.111 72.4431 72 72.111 128.25 128.062 120.067 128 100.717 101.272 138.852 131.027 138.101 130.231 137.463 129.553 134.937 168.808 171.207 161.839 165.602 168.048 162.432 164.924 8.94427 8 5.65685 4 4 0 5.65685 4 8.94427 8 133.686 136.235 138.852 50.1199 44.7214 48.3322 43.0813 46.8188 41.7612 45.607 53.8145 104.995 97.4064 101.193 32.249 36.8782 106.733 98.9545 105.906 98.0612 97.3242 
96.3328 99.3579 102.45 20.3961 16.4924 12.6491 59.4643 62.482 56.5685 65.1153 59.4643 116.482 101.193 115.447 100 114.543 98.9545 113.772 98.0612 112.641 109.836 108.812 105.906 104.995 101.98 76 76.9415 76.1052 76.4199 124.579 124.258 116.276 124.064 97.3242 98.0612 135.823 128.062 134.937 127.122 134.164 126.301 131.939 163.218 165.602 156.205 160 162.432 156.818 159.298 12 12.6491 8 8.94427 4 5.65685 0 4 4 5.65685 128.062 130.599 133.207 55.5698 50.1199 53.6656 48.3322 52 46.8188 50.5964 59.4643 100 92.3472 96.1665 37.7359 42.5206 103.846 96.1665 102.84 95.0789 94.1488 
99.0353 101.98 104.995 21.5407 17.8885 14.4222 62.2254 65.6049 59.4643 67.8823 62.482 120.333 104.995 119.331 103.846 118.457 102.84 117.712 101.98 116.482 113.772 112.641 109.836 108.812 105.906 76.1052 76.4199 76 76.1052 128.561 128.25 120.266 128.062 96.7471 97.3242 139.714 131.939 138.852 131.027 138.101 130.231 135.823 166.469 168.808 159.298 163.218 165.602 160 162.432 12.6491 12 8.94427 8 5.65685 4 4 0 5.65685 4 131.21 133.686 136.235 52.1536 46.6476 50.1199 44.7214 48.3322 43.0813 46.8188 56.5685 103.846 96.1665 100 35.7771 40 107.703 100 106.733 98.9545 98.0612 
93.3809 96.3328 99.3579 24.3311 20.3961 16.4924 62.482 65.1153 59.4643 68.1175 62.2254 117.644 102.528 116.482 101.193 115.447 100 114.543 98.9545 113.842 110.635 110.055 106.733 106.283 102.84 80 80.895 80.0999 80.399 125.028 124.579 116.619 124.258 93.3809 94.1488 136.821 129.12 135.823 128.062 134.937 127.122 132.966 160.897 163.218 153.675 157.632 160 154.402 156.818 16 16.4924 12 12.6491 8 8.94427 4 5.65685 0 4 125.603 128.062 130.599 57.6888 52.1536 55.5698 50.1199 53.6656 48.3322 52 62.2254 98.9545 91.214 95.0789 41.1825 45.607 104.995 97.4064 103.846 96.1665 95.0789 
96.1665 99.0353 101.98 25.2982 21.5407 17.8885 65.1153 68.1175 62.2254 70.7672 65.1153 121.458 106.283 120.333 104.995 119.331 103.846 118.457 102.84 117.644 114.543 113.842 110.635 110.055 106.733 80.0999 80.399 80 80.0999 128.996 128.561 120.599 128.25 92.7793 93.3809 140.684 132.966 139.714 131.939 138.852 131.027 136.821 164.195 166.469 156.818 160.897 163.218 157.632 160 16.4924 16 12.6491 12 8.94427 8 5.65685 4 4 0 128.81 131.21 133.686 54.4059 48.8262 52.1536 46.6476 50.1199 44.7214 48.3322 59.4643 102.84 95.0789 98.9545 39.3954 43.2666 108.812 101.193 107.703 100 98.9545 
36.8782 36.2215 36 138.622 135.765 132.966 137.753 130.782 134.164 139.714 132.424 112.641 112.071 108.665 108.074 104.69 104.077 100.717 100.08 112.285 100.319 112.071 100.08 112 100 185.3 192.042 187.489 189.737 95.0789 91.214 89.4427 87.3613 117.098 121.062 116.482 114.543 112.641 110.635 108.812 106.733 115.447 35.7771 37.7359 28.2843 32.249 34.4093 28.8444 31.241 135.882 138.852 133.207 136.235 130.599 133.686 128.062 131.21 125.603 128.81 0 4 8 183.216 177.629 180.887 175.317 178.617 173.066 176.409 187.446 52.1536 53.3667 52.6118 164.146 170.082 108 108.296 104 104.307 100.319 
37.9473 36.8782 36.2215 141.534 138.622 135.765 141.365 134.462 137.753 143.388 136.059 116.619 116.069 112.641 112.071 108.665 108.074 104.69 104.077 116.276 104.307 116.069 104.077 116 104 188.68 195.305 190.83 193.039 98.9545 95.0789 93.3809 91.214 116.619 120.599 120.333 118.457 116.482 114.543 112.641 110.635 119.331 34.176 35.7771 25.6125 30.4631 32.249 26.8328 28.8444 138.622 141.534 135.882 138.852 133.207 136.235 130.599 133.686 128.062 131.21 4 0 4 185.602 180 183.216 177.629 180.887 175.317 178.617 190.032 56.1427 57.2713 56.5685 166.901 172.743 112 112.285 108 108.296 104.307 
39.3954 37.9473 36.8782 144.499 141.534 138.622 144.997 138.159 141.365 147.078 139.714 120.599 120.067 116.619 116.069 112.641 112.071 108.665 108.074 120.266 108.296 120.067 108.074 120 108 192.083 198.595 194.196 196.367 102.84 98.9545 97.3242 95.0789 116.276 120.266 124.193 122.376 120.333 118.457 116.482 114.543 123.223 32.9848 34.176 23.3238 29.1204 30.4631 25.2982 26.8328 141.421 144.278 138.622 141.534 135.882 138.852 133.207 136.235 130.599 133.686 8 4 0 188.043 182.428 185.602 180 183.216 177.629 180.887 192.666 60.1332 61.1882 60.531 169.706 175.454 116 116.276 112 112.285 108.296 
150.147 152.84 155.589 52.6118 53.3667 54.4059 89.4427 96.7471 88.8144 94.1488 92.7793 160.05 144.056 160 144 160.05 144.056 160.2 144.222 156.051 156.205 152.053 152.21 148.054 148.216 67.8823 60 65.1153 62.482 172.743 173.159 165.215 173.666 128.062 127.122 180.044 172.047 180 172 180.044 172.047 176.045 218.577 220.871 211.206 215.295 217.624 212.038 214.401 50.5964 46.8188 52 48.3322 53.6656 50.1199 55.5698 52.1536 57.6888 54.4059 183.216 185.602 188.043 0 5.65685 4 8.94427 8 12.6491 12 12.6491 154.506 147.078 150.785 28.2843 20.3961 148 140 148.054 140.057 140.228 
144.499 147.187 149.933 48.1664 48.6621 49.4773 86.3481 93.3809 85.5102 91.214 89.4427 156.205 140.228 156.051 140.057 156 140 156.051 140.057 152.21 152.053 148.216 148.054 144.222 144.056 68.1175 61.0574 65.6049 63.2456 168.428 168.76 160.798 169.186 123.223 122.376 176.182 168.19 176.045 168.048 176 168 172.186 213.016 215.295 205.602 209.724 212.038 206.456 208.806 45.607 41.7612 46.8188 43.0813 48.3322 44.7214 50.1199 46.6476 52.1536 48.8262 177.629 180 182.428 5.65685 0 4 4 5.65685 8 8.94427 16 149.345 141.873 145.602 25.2982 17.8885 144.056 136.059 144 136 136.059 
147.513 150.147 152.84 52.1536 52.6118 53.3667 90.2441 97.3242 89.4427 95.0789 93.3809 160.2 144.222 160.05 144.056 160 144 160.05 144.056 156.205 156.051 152.21 152.053 148.216 148.054 70.7672 63.2456 68.1175 65.6049 172.418 172.743 164.779 173.159 124.193 123.223 180.178 172.186 180.044 172.047 180 172 176.182 216.333 218.577 208.806 213.016 215.295 209.724 212.038 49.4773 45.607 50.5964 46.8188 52 48.3322 53.6656 50.1199 55.5698 52.1536 180.887 183.216 185.602 4 4 0 5.65685 4 8.94427 8 16.4924 153.101 145.602 149.345 29.1204 21.5407 148.054 140.057 148 140 140.057 
141.873 144.499 147.187 48 48.1664 48.6621 87.3613 94.1488 86.3481 92.3472 90.2441 156.461 140.513 156.205 140.228 156.051 140.057 156 140 152.473 152 148.486 148 144.499 144 71.218 64.4981 68.8186 66.5733 168.19 168.428 160.449 168.76 119.331 118.457 176.409 168.428 176.182 168.19 176.045 168.048 172.418 210.789 213.016 203.214 207.461 209.724 204.157 206.456 44.7214 40.7922 45.607 41.7612 46.8188 43.0813 48.3322 44.7214 50.1199 46.6476 175.317 177.629 180 8.94427 4 5.65685 0 4 4 5.65685 20 148 140.456 144.222 26.8328 20 144.222 136.235 144.056 136.059 136 
144.941 147.513 150.147 52 52.1536 52.6118 91.214 98.0612 90.2441 96.1665 94.1488 160.449 144.499 160.2 144.222 160.05 144.056 160 144 156.461 156 152.473 152 148.486 148 73.7564 66.5733 71.218 68.8186 172.186 172.418 164.438 172.743 120.333 119.331 180.4 172.418 180.178 172.186 180.044 172.047 176.409 214.14 216.333 206.456 210.789 213.016 207.461 209.724 48.6621 44.7214 49.4773 45.607 50.5964 46.8188 52 48.3322 53.6656 50.1199 178.617 180.887 183.216 8 5.65685 4 4 0 5.65685 4 20.3961 151.789 144.222 148 30.4631 23.3238 148.216 140.228 148.054 140.057 140 
139.313 141.873 144.499 48.1664 48 48.1664 88.5438 95.0789 87.3613 93.6376 91.214 156.818 140.911 156.461 140.513 156.205 140.228 156.051 140.057 152.84 152.053 148.862 148.054 144.886 144.056 74.4043 68 72.111 69.9714 168.048 168.19 160.2 168.428 115.447 114.543 176.726 168.76 176.409 168.428 176.182 168.19 172.743 208.614 210.789 200.878 205.251 207.461 201.911 204.157 44.1814 40.1995 44.7214 40.7922 45.607 41.7612 46.8188 43.0813 48.3322 44.7214 173.066 175.317 177.629 12.6491 8 8.94427 4 5.65685 0 4 24 146.751 139.14 142.941 28.8444 22.6274 144.499 136.528 144.222 136.235 136.059 
