0 12 12.6491 8 14.4222 12 16.9706 20 4 8 17.8885 61.0574 55.7136 64.4981 59.4643 68 63.2456 71.5542 59.0593 57.2713 149.773 159.85 167.523 163.267 165.36 155.641 161.245 159.298 157.429 121.655 125.22 128.81 132.424 136.059 64.4981 68.469 72.4431 76.4199 80.399 8.94427 5.65685 12.6491 4 8 8.94427 11.3137 91.3017 96.6644 89.4427 95.0789 87.7268 93.6376 86.1626 94.8262 89.8888 80.9938 66.2118 68 73.5391 75.1532 69.857 71.5542 145.602 149.345 148 23.3238 20 25.6125 22.6274 28.2843 25.6125 140.911 112.285 100.319 108.296 104.307 48.1664 48.6621 49.4773 76.9415 
12 0 4 14.4222 8 16.9706 12 16 8 4 16.4924 68.1175 61.0574 71.218 64.4981 74.4043 68 77.666 65.6049 63.2456 156.818 166.469 174.402 169.753 172.047 161.245 167.523 165.36 163.267 116.619 120.333 124.064 127.812 131.575 64.1249 68.1175 72.111 76.1052 80.0999 17.8885 16.4924 4 16 14.4222 11.3137 8.94427 101.98 107.703 100.319 106.283 98.7927 104.995 97.4064 105.603 101.193 92.3472 77.2528 78.7909 84.7585 86.1626 80.9938 82.4621 141.76 145.602 144.554 34.176 30.4631 35.7771 32.249 37.7359 34.4093 142.773 124.258 112.285 120.266 116.276 36.2215 36.8782 37.9473 79.6994 
12.6491 4 0 12.6491 4 14.4222 8 12 8.94427 5.65685 12.6491 65.1153 57.6888 68.1175 61.0574 71.218 64.4981 74.4043 62.482 60 153.675 163.218 171.207 166.469 168.808 157.785 164.195 161.988 159.85 112.925 116.619 120.333 124.064 127.812 60.1332 64.1249 68.1175 72.111 76.1052 20 17.8885 8 16.4924 16.9706 14.4222 12.6491 103.769 109.252 101.98 107.703 100.319 106.283 98.7927 107.331 102.528 91.214 75.8947 77.2528 83.5225 84.7585 79.6994 80.9938 137.928 141.76 140.684 32.9848 29.1204 34.176 30.4631 35.7771 32.249 138.852 124.579 112.641 120.599 116.619 36 36.2215 36.8782 75.8947 
8 14.4222 12.6491 0 12 4 12.6491 14.4222 8.94427 11.3137 11.3137 54.4059 48.3322 57.6888 52 61.0574 55.7136 64.4981 52.1536 50.1199 143.22 153.101 160.897 156.461 158.644 148.486 154.35 152.315 150.36 114.612 118.119 121.655 125.22 128.81 56.5685 60.531 64.4981 68.469 72.4431 16.4924 12.6491 16.9706 8.94427 16 16.4924 17.8885 95.4149 100.24 93.2952 98.387 91.3017 96.6644 89.4427 98.7927 93.0376 78.5875 63.2456 64.622 70.8802 72.111 67.0522 68.352 138.159 141.873 140.456 20.3961 16.4924 21.5407 17.8885 23.3238 20 132.966 113.137 101.272 109.179 105.224 48.1664 48 48.1664 69.0507 
14.4222 8 4 12 0 12.6491 4 8 11.3137 8.94427 8.94427 62.2254 54.4059 65.1153 57.6888 68.1175 61.0574 71.218 59.4643 56.8507 150.572 160 168.048 163.218 165.602 154.35 160.897 158.644 156.461 109.252 112.925 116.619 120.333 124.064 56.1427 60.1332 64.1249 68.1175 72.111 22.6274 20 12 17.8885 20 17.8885 16.4924 105.679 110.923 103.769 109.252 101.98 107.703 100.319 109.179 104 90.2441 74.7262 75.8947 82.4621 83.5225 78.5875 79.6994 134.104 137.928 136.821 32.249 28.2843 32.9848 29.1204 34.176 30.4631 134.937 125.028 113.137 121.062 117.098 36.2215 36 36.2215 72.111 
12 16.9706 14.4222 4 12.6491 0 12 12.6491 12.6491 14.4222 8.94427 51.225 44.7214 54.4059 48.3322 57.6888 52 61.0574 48.8262 46.6476 140 149.773 157.632 153.101 155.332 144.941 150.944 148.862 146.86 111.14 114.612 118.119 121.655 125.22 52.6118 56.5685 60.531 64.4981 68.469 20.3961 16.4924 20 12.6491 20 20.3961 21.5407 97.6524 102.215 95.4149 100.24 93.2952 98.387 91.3017 100.955 94.8262 77.666 62.0967 63.2456 69.857 70.8802 65.9697 67.0522 134.462 138.159 136.704 20 16 20.3961 16.4924 21.5407 17.8885 128.996 113.772 101.98 109.836 105.906 48.6621 48.1664 48 65.1153 
16.9706 12 8 12.6491 4 12 0 4 14.4222 12.6491 5.65685 59.4643 51.225 62.2254 54.4059 65.1153 57.6888 68.1175 56.5685 53.8145 147.513 156.818 164.924 160 162.432 150.944 157.632 155.332 153.101 105.603 109.252 112.925 116.619 120.333 52.1536 56.1427 60.1332 64.1249 68.1175 25.6125 22.6274 16 20 23.3238 21.5407 20.3961 107.703 112.712 105.679 110.923 103.769 109.252 101.98 111.14 105.603 89.4427 73.7564 74.7262 81.5843 82.4621 77.666 78.5875 130.292 134.104 132.966 32 28 32.249 28.2843 32.9848 29.1204 131.027 125.603 113.772 121.655 117.712 36.8782 36.2215 36 68.352 
20 16 12 14.4222 8 12.6491 4 0 17.8885 16.4924 4 56.8507 48.1664 59.4643 51.225 62.2254 54.4059 65.1153 53.8145 50.9117 144.499 153.675 161.839 156.818 159.298 147.567 154.402 152.053 149.773 101.98 105.603 109.252 112.925 116.619 48.1664 52.1536 56.1427 60.1332 64.1249 28.8444 25.6125 20 22.6274 26.8328 25.2982 24.3311 109.836 114.612 107.703 112.712 105.679 110.923 103.769 113.208 107.331 88.8144 72.9932 73.7564 80.895 81.5843 76.9415 77.666 126.491 130.292 129.12 32.249 28.2843 32 28 32.249 28.2843 127.122 126.301 114.543 122.376 118.457 37.9473 36.8782 36.2215 64.622 
4 8 8.94427 8.94427 11.3137 12.6491 14.4222 17.8885 0 4 16.4924 63.2456 57.2713 66.5733 60.9262 69.9714 64.622 73.4302 61.0574 59.0593 152.053 161.988 169.753 165.36 167.523 157.429 163.267 161.245 159.298 119.867 123.483 127.122 130.782 134.462 64.1249 68.1175 72.111 76.1052 80.0999 11.3137 8.94427 8.94427 8 8.94427 8 8.94427 94.8262 100.319 93.0376 98.7927 91.3893 97.4064 89.8888 98.387 93.6376 84.7585 69.857 71.5542 77.2528 78.7909 73.5391 75.1532 144.222 148 146.751 26.8328 23.3238 28.8444 25.6125 31.241 28.2843 141.421 116.276 104.307 112.285 108.296 44.1814 44.7214 45.607 77.666 
8 4 5.65685 11.3137 8.94427 14.4222 12.6491 16.4924 4 0 16 65.6049 59.0593 68.8186 62.6099 72.111 66.2118 75.4718 63.2456 61.0574 154.402 164.195 172.047 167.523 169.753 159.298 165.36 163.267 161.245 118.186 121.852 125.539 129.244 132.966 64 68 72 76 80 14.4222 12.6491 5.65685 12 11.3137 8.94427 8 98.387 104 96.6644 102.528 95.0789 101.193 93.6376 101.98 97.4064 88.5438 73.5391 75.1532 80.9938 82.4621 77.2528 78.7909 142.941 146.751 145.602 30.4631 26.8328 32.249 28.8444 34.4093 31.241 142.042 120.266 108.296 116.276 112.285 40.1995 40.7922 41.7612 78.5875 
17.8885 16.4924 12.6491 11.3137 8.94427 8.94427 5.65685 4 16.4924 16 0 53.8145 45.607 56.5685 48.8262 59.4643 52.1536 62.482 50.9117 48.1664 141.873 151.208 159.298 154.402 156.818 145.437 152.053 149.773 147.567 103.769 107.331 110.923 114.543 118.186 48 52 56 60 64 26.8328 23.3238 20.3961 20 25.2982 24.3311 24 106.508 111.14 104.307 109.179 102.215 107.331 100.24 109.836 103.769 84.8528 69.0507 69.857 76.9415 77.666 72.9932 73.7564 127.812 131.575 130.292 28.2843 24.3311 28 24 28.2843 24.3311 126.301 122.376 110.635 118.457 114.543 41.7612 40.7922 40.1995 63.2456 
61.0574 68.1175 65.1153 54.4059 62.2254 51.225 59.4643 56.8507 63.2456 65.6049 53.8145 0 12 4 12.6491 8 14.4222 12 4 8 88.8144 98.7927 106.508 102.215 104.307 95.0789 100.24 98.387 96.6644 104.307 106.508 108.812 111.212 113.701 41.7612 43.0813 44.7214 46.6476 48.8262 66.2118 62.6099 71.218 59.0593 68 69.9714 72.111 107.331 107.703 103.769 104.307 100.24 100.955 96.7471 109.179 98.7927 50.1199 36.8782 34.4093 43.2666 41.1825 40 37.7359 118.794 121.655 118.929 41.7612 43.0813 37.9473 39.3954 34.176 35.7771 89.4427 100 90.6863 96.8297 93.723 93.2952 91.3017 89.4427 31.241 
55.7136 61.0574 57.6888 48.3322 54.4059 44.7214 51.225 48.1664 57.2713 59.0593 45.607 12 0 12.6491 4 14.4222 8 16.9706 8 4 96.3328 105.603 113.701 108.812 111.212 100.24 106.508 104.307 102.215 94.4034 96.8297 99.3579 101.98 104.69 30.4631 32.249 34.4093 36.8782 39.598 62.0967 58.2409 64.4981 54.4059 63.2456 64.622 66.2118 113.208 114.403 109.836 111.212 106.508 108.074 103.228 115.378 105.603 60.9262 46.6476 44.7214 53.6656 52 50.1199 48.3322 110.635 113.701 111.212 40 40.1995 36 36.2215 32 32.249 88.0909 109.836 100 106.508 103.228 83.2346 80.9938 78.8923 25.2982 
64.4981 71.218 68.1175 57.6888 65.1153 54.4059 62.2254 59.4643 66.5733 68.8186 56.5685 4 12.6491 0 12 4 12.6491 8 5.65685 8.94427 85.6037 95.4149 103.228 98.7927 100.955 91.3893 96.7471 94.8262 93.0376 102.215 104.307 106.508 108.812 111.212 40.7922 41.7612 43.0813 44.7214 46.6476 69.857 66.2118 74.4043 62.6099 71.5542 73.4302 75.4718 110.923 111.14 107.331 107.703 103.769 104.307 100.24 112.712 102.215 52.1536 39.598 36.8782 45.607 43.2666 42.5206 40 116 118.794 116 45.607 46.8188 41.7612 43.0813 37.9473 39.3954 85.5102 102.45 93.3809 99.3579 96.3328 95.4149 93.2952 91.3017 28.2843 
59.4643 64.4981 61.0574 52 57.6888 48.3322 54.4059 51.225 60.9262 62.6099 48.8262 12.6491 4 12 0 12.6491 4 14.4222 8.94427 5.65685 93.3809 102.45 110.635 105.603 108.074 96.7471 103.228 100.955 98.7927 92.0869 94.4034 96.8297 99.3579 101.98 29.1204 30.4631 32.249 34.4093 36.8782 65.9697 62.0967 68 58.2409 67.0522 68.352 69.857 116.619 117.644 113.208 114.403 109.836 111.212 106.508 118.727 108.812 62.6099 48.8262 46.6476 55.5698 53.6656 52.1536 50.1199 107.629 110.635 108.074 44 44.1814 40 40.1995 36 36.2215 84.0952 112.071 102.45 108.812 105.603 85.6037 83.2346 80.9938 21.5407 
68 74.4043 71.218 61.0574 68.1175 57.6888 65.1153 62.2254 69.9714 72.111 59.4643 8 14.4222 4 12.6491 0 12 4 8.94427 11.3137 82.4621 92.0869 100 95.4149 97.6524 87.7268 93.2952 91.3017 89.4427 100.24 102.215 104.307 106.508 108.812 40.1995 40.7922 41.7612 43.0813 44.7214 73.5391 69.857 77.666 66.2118 75.1532 76.9415 78.8923 114.543 114.612 110.923 111.14 107.331 107.703 103.769 116.276 105.679 54.4059 42.5206 39.598 48.1664 45.607 45.2548 42.5206 113.278 116 113.137 49.4773 50.5964 45.607 46.8188 41.7612 43.0813 81.5843 104.995 96.1665 101.98 99.0353 97.6524 95.4149 93.2952 25.6125 
63.2456 68 64.4981 55.7136 61.0574 52 57.6888 54.4059 64.622 66.2118 52.1536 14.4222 8 12.6491 4 12 0 12.6491 11.3137 8.94427 90.5097 99.3579 107.629 102.45 104.995 93.2952 100 97.6524 95.4149 89.8888 92.0869 94.4034 96.8297 99.3579 28.2843 29.1204 30.4631 32.249 34.4093 69.857 65.9697 71.5542 62.0967 70.8802 72.111 73.5391 120.067 120.93 116.619 117.644 113.208 114.403 109.836 122.115 112.071 64.4981 51.225 48.8262 57.6888 55.5698 54.4059 52.1536 104.69 107.629 104.995 48 48.1664 44 44.1814 40 40.1995 80.0999 114.403 104.995 111.212 108.074 88.0909 85.6037 83.2346 17.8885 
71.5542 77.666 74.4043 64.4981 71.218 61.0574 68.1175 65.1153 73.4302 75.4718 62.482 12 16.9706 8 14.4222 4 12.6491 0 12.6491 14.4222 79.3977 88.8144 96.8297 92.0869 94.4034 84.0952 89.8888 87.818 85.8836 98.387 100.24 102.215 104.307 106.508 40 40.1995 40.7922 41.7612 43.0813 77.2528 73.5391 80.9938 69.857 78.7909 80.4984 82.365 118.186 118.119 114.543 114.612 110.923 111.14 107.331 119.867 109.179 56.8507 45.607 42.5206 50.9117 48.1664 48.1664 45.2548 110.635 113.278 110.345 53.3667 54.4059 49.4773 50.5964 45.607 46.8188 77.666 107.629 99.0353 104.69 101.823 100 97.6524 95.4149 23.3238 
59.0593 65.6049 62.482 52.1536 59.4643 48.8262 56.5685 53.8145 61.0574 63.2456 50.9117 4 8 5.65685 8.94427 8.94427 11.3137 12.6491 0 4 91.214 100.955 108.812 104.307 106.508 96.6644 102.215 100.24 98.387 100.955 103.228 105.603 108.074 110.635 37.9473 39.3954 41.1825 43.2666 45.607 64.622 60.9262 68.8186 57.2713 66.2118 68 69.9714 109.179 109.836 105.679 106.508 102.215 103.228 98.7927 111.14 100.955 53.6656 40 37.7359 46.6476 44.7214 43.2666 41.1825 116 118.929 116.276 40.7922 41.7612 36.8782 37.9473 32.9848 34.176 88.8144 103.228 93.723 100 96.8297 89.8888 87.818 85.8836 28.8444 
57.2713 63.2456 60 50.1199 56.8507 46.6476 53.8145 50.9117 59.0593 61.0574 48.1664 8 4 8.94427 5.65685 11.3137 8.94427 14.4222 4 0 93.723 103.228 111.212 106.508 108.812 98.387 104.307 102.215 100.24 97.6524 100 102.45 104.995 107.629 34.176 35.7771 37.7359 40 42.5206 63.2456 59.4643 66.5733 55.7136 64.622 66.2118 68 111.14 112.071 107.703 108.812 104.307 105.603 100.955 113.208 103.228 57.2713 43.2666 41.1825 50.1199 48.3322 46.6476 44.7214 113.278 116.276 113.701 40.1995 40.7922 36.2215 36.8782 32.249 32.9848 88.3629 106.508 96.8297 103.228 100 86.5332 84.3801 82.365 26.8328 
149.773 156.818 153.675 143.22 150.572 140 147.513 144.499 152.053 154.402 141.873 88.8144 96.3328 85.6037 93.3809 82.4621 90.5097 79.3977 91.214 93.723 0 12 17.8885 16 16.4924 22.6274 16.4924 17.8885 20 140.911 140.513 140.228 140.057 140 109.836 107.703 105.679 103.769 101.98 154.35 150.944 160 147.567 156.461 158.644 160.897 168.048 164.049 164.049 160.05 160.05 156.051 156.051 168 156 96.3328 98.9545 95.0789 97.3242 93.3809 98.0612 94.1488 136.528 136.938 132.966 128.996 131.027 125.539 127.624 122.115 124.258 69.857 134.937 132.966 134.164 133.507 178.393 175.727 173.113 86.5332 
159.85 166.469 163.218 153.101 160 149.773 156.818 153.675 161.988 164.195 151.208 98.7927 105.603 95.4149 102.45 92.0869 99.3579 88.8144 100.955 103.228 12 0 8.94427 4 5.65685 16.4924 5.65685 8.94427 12.6491 142.773 142.042 141.421 140.911 140.513 116.825 114.403 112.071 109.836 107.703 164.73 161.245 169.753 157.785 166.709 168.76 170.88 180.044 176.045 176.045 172.047 172.047 168.048 168.048 180 168 108.296 110.635 106.733 109.179 105.224 109.836 105.906 136 136.059 132.061 139.542 141.421 136 137.928 132.484 134.462 68.1175 146.697 144.886 145.986 145.382 186.676 183.87 181.108 93.723 
167.523 174.402 171.207 160.897 168.048 157.632 164.924 161.839 169.753 172.047 159.298 106.508 113.701 103.228 110.635 100 107.629 96.8297 108.812 111.212 17.8885 8.94427 0 8 4 24 12 16 20 151.42 150.625 149.933 149.345 148.862 125.603 123.223 120.93 118.727 116.619 172.186 168.76 177.629 165.36 174.264 176.409 178.617 184.391 180.044 180.4 176.045 176.409 172.047 172.418 184.174 172.186 113.137 116.482 112.641 114.543 110.635 115.447 111.571 144.056 144 140 146.86 148.862 143.388 145.437 139.943 142.042 76 149.345 148.216 148.862 148.486 195.182 192.416 189.694 102.45 
163.267 169.753 166.469 156.461 163.218 153.101 160 156.818 165.36 167.523 154.402 102.215 108.812 98.7927 105.603 95.4149 102.45 92.0869 104.307 106.508 16 4 8 0 4 16 4 8 12 143.611 142.773 142.042 141.421 140.911 119.331 116.825 114.403 112.071 109.836 168.238 164.73 173.066 161.245 170.176 172.186 174.264 184.043 180.044 180.044 176.045 176.045 172.047 172.047 184 172 112.285 114.543 110.635 113.137 109.179 113.772 109.836 136.059 136 132 143.108 144.941 139.542 141.421 136 137.928 68 150.625 148.862 149.933 149.345 189.526 186.676 183.87 96.3328 
165.36 172.047 168.808 158.644 165.602 155.332 162.432 159.298 167.523 169.753 156.818 104.307 111.212 100.955 108.074 97.6524 104.995 94.4034 106.508 108.812 16.4924 5.65685 4 4 0 20 8 12 16 147.513 146.697 145.986 145.382 144.886 122.442 120 117.644 115.378 113.208 170.176 166.709 175.317 163.267 172.186 174.264 176.409 184.174 180 180.178 176 176.182 172 172.186 184.043 172.047 112.641 115.447 111.571 113.772 109.836 114.543 110.635 140.057 140 136 144.941 146.86 141.421 143.388 137.928 139.943 72 149.933 148.486 149.345 148.862 192.333 189.526 186.762 99.3579 
155.641 161.245 157.785 148.486 154.35 144.941 150.944 147.567 157.429 159.298 145.437 95.0789 100.24 91.3893 96.7471 87.7268 93.2952 84.0952 96.6644 98.387 22.6274 16.4924 24 16 20 0 12 8 4 128.062 127.122 126.301 125.603 125.028 107.48 104.69 101.98 99.3579 96.8297 161.245 157.582 164.73 153.935 162.874 164.584 166.373 184.391 181.108 180.4 177.133 176.409 173.159 172.418 184.694 172.743 112.285 112.285 108.296 112 108 112.071 108.074 120.067 120 116 136.704 138.159 132.966 134.462 129.244 130.782 52 154.402 151.42 153.31 152.315 178.751 175.727 172.743 85.0412 
161.245 167.523 164.195 154.35 160.897 150.944 157.632 154.402 163.267 165.36 152.053 100.24 106.508 96.7471 103.228 93.2952 100 89.8888 102.215 104.307 16.4924 5.65685 12 4 8 12 0 4 8 139.714 138.852 138.101 137.463 136.938 116.276 113.701 111.212 108.812 106.508 166.373 162.825 170.88 159.298 168.238 170.176 172.186 184 180.178 180 176.182 176 172.186 172 184.043 172.047 112.071 113.772 109.836 112.641 108.665 113.137 109.179 132.061 132 128 141.365 143.108 137.753 139.542 134.164 136 64 151.42 149.345 150.625 149.933 186.762 183.87 181.019 93.3809 
159.298 165.36 161.988 152.315 158.644 148.862 155.332 152.053 161.245 163.267 149.773 98.387 104.307 94.8262 100.955 91.3017 97.6524 87.818 100.24 102.215 17.8885 8.94427 16 8 12 8 4 0 4 135.823 134.937 134.164 133.507 132.966 113.278 110.635 108.074 105.603 103.228 164.584 160.997 168.76 157.429 166.373 168.238 170.176 184.043 180.4 180.044 176.409 176.045 172.418 172.047 184.174 172.186 112 113.137 109.179 112.285 108.296 112.641 108.665 128.062 128 124 139.714 141.365 136.059 137.753 132.424 134.164 60 152.315 149.933 151.42 150.625 184.043 181.108 178.213 90.5097 
157.429 163.267 159.85 150.36 156.461 146.86 153.101 149.773 159.298 161.245 147.567 96.6644 102.215 93.0376 98.7927 89.4427 95.4149 85.8836 98.387 100.24 20 12.6491 20 12 16 4 8 4 0 131.939 131.027 130.231 129.553 128.996 110.345 107.629 104.995 102.45 100 162.874 159.248 166.709 155.641 164.584 166.373 168.238 184.174 180.71 180.178 176.726 176.182 172.743 172.186 184.391 172.418 112.071 112.641 108.665 112.071 108.074 112.285 108.296 124.064 124 120 138.159 139.714 134.462 136.059 130.782 132.424 56 153.31 150.625 152.315 151.42 181.373 178.393 175.454 87.7268 
121.655 116.619 112.925 114.612 109.252 111.14 105.603 101.98 119.867 118.186 103.769 104.307 94.4034 102.215 92.0869 100.24 89.8888 98.387 100.955 97.6524 140.911 142.773 151.42 143.611 147.513 128.062 139.714 135.823 131.939 0 4 8 12 16 65.1153 62.482 60 57.6888 55.5698 130.599 127.059 120.333 123.548 128.81 127.122 125.539 203.961 206.495 200.998 203.647 198.071 200.838 195.182 206.649 197.99 154.35 140.911 138.679 147.567 145.437 144.222 142.042 28.2843 32.249 32.9848 122.442 120 119.331 116.825 116.276 113.701 78.7909 204.157 194.402 200.878 197.626 104.307 100.319 96.3328 75.1532 
125.22 120.333 116.619 118.119 112.925 114.612 109.252 105.603 123.483 121.852 107.331 106.508 96.8297 104.307 94.4034 102.215 92.0869 100.24 103.228 100 140.513 142.042 150.625 142.773 146.697 127.122 138.852 134.937 131.027 4 0 4 8 12 67.8823 65.1153 62.482 60 57.6888 134.164 130.599 124.064 127.059 132.424 130.782 129.244 206.959 209.38 203.961 206.495 200.998 203.647 198.071 209.609 200.838 156.461 143.22 140.911 149.773 147.567 146.479 144.222 24.3311 28.2843 29.1204 125.603 123.223 122.442 120 119.331 116.825 77.2528 206.456 196.815 203.214 200 108.296 104.307 100.319 76.9415 
128.81 124.064 120.333 121.655 116.619 118.119 112.925 109.252 127.122 125.539 110.923 108.812 99.3579 106.508 96.8297 104.307 94.4034 102.215 105.603 102.45 140.228 141.421 149.933 142.042 145.986 126.301 138.101 134.164 130.231 8 4 0 4 8 70.7672 67.8823 65.1153 62.482 60 137.753 134.164 127.812 130.599 136.059 134.462 132.966 209.99 212.302 206.959 209.38 203.961 206.495 200.998 212.603 203.725 158.644 145.602 143.22 152.053 149.773 148.809 146.479 20.3961 24.3311 25.2982 128.81 126.491 125.603 123.223 122.442 120 75.8947 208.806 199.279 205.602 202.425 112.285 108.296 104.307 78.8923 
132.424 127.812 124.064 125.22 120.333 121.655 116.619 112.925 130.782 129.244 114.543 111.212 101.98 108.812 99.3579 106.508 96.8297 104.307 108.074 104.995 140.057 140.911 149.345 141.421 145.382 125.603 137.463 133.507 129.553 12 8 4 0 4 73.7564 70.7672 67.8823 65.1153 62.482 141.365 137.753 131.575 134.164 139.714 138.159 136.704 213.054 215.258 209.99 212.302 206.959 209.38 203.961 215.629 206.649 160.897 148.054 145.602 154.402 152.053 151.208 148.809 16.4924 20.3961 21.5407 132.061 129.8 128.81 126.491 125.603 123.223 74.7262 211.206 201.792 208.038 204.9 116.276 112.285 108.296 80.9938 
136.059 131.575 127.812 128.81 124.064 125.22 120.333 116.619 134.462 132.966 118.186 113.701 104.69 111.212 101.98 108.812 99.3579 106.508 110.635 107.629 140 140.513 148.862 140.911 144.886 125.028 136.938 132.966 128.996 16 12 8 4 0 76.8375 73.7564 70.7672 67.8823 65.1153 144.997 141.365 135.351 137.753 143.388 141.873 140.456 216.148 218.248 213.054 215.258 209.99 212.302 206.959 218.687 209.609 163.218 150.572 148.054 156.818 154.402 153.675 151.208 12.6491 16.4924 17.8885 135.351 133.147 132.061 129.8 128.81 126.491 73.7564 213.654 204.353 210.523 207.422 120.266 116.276 112.285 83.2346 
64.4981 64.1249 60.1332 56.5685 56.1427 52.6118 52.1536 48.1664 64.1249 64 48 41.7612 30.4631 40.7922 29.1204 40.1995 28.2843 40 37.9473 34.176 109.836 116.825 125.603 119.331 122.442 107.48 116.276 113.278 110.345 65.1153 67.8823 70.7672 73.7564 76.8375 0 4 8 12 16 72.9932 69.0507 68.1175 65.1153 72.4431 72.111 72 139.313 141.534 136.235 138.622 133.207 135.765 130.231 141.873 132.966 91.3893 76.9415 75.1532 84.0952 82.4621 80.4984 78.7909 84.3801 87.818 85.8836 59.0593 57.2713 55.5698 53.6656 52.1536 50.1199 79.6994 139.943 129.8 136.528 133.147 72.111 68.8186 65.6049 23.3238 
68.469 68.1175 64.1249 60.531 60.1332 56.5685 56.1427 52.1536 68.1175 68 52 43.0813 32.249 41.7612 30.4631 40.7922 29.1204 40.1995 39.3954 35.7771 107.703 114.403 123.223 116.825 120 104.69 113.701 110.635 107.629 62.482 65.1153 67.8823 70.7672 73.7564 4 0 4 8 12 76.9415 72.9932 72.111 69.0507 76.4199 76.1052 76 142.436 144.499 139.313 141.534 136.235 138.622 133.207 144.941 135.882 93.0376 78.8923 76.9415 85.8836 84.0952 82.365 80.4984 80.9938 84.3801 82.365 62.6099 60.9262 59.0593 57.2713 55.5698 53.6656 75.8947 142.042 132.061 138.679 135.351 75.4718 72.111 68.8186 21.5407 
72.4431 72.111 68.1175 64.4981 64.1249 60.531 60.1332 56.1427 72.111 72 56 44.7214 34.4093 43.0813 32.249 41.7612 30.4631 40.7922 41.1825 37.7359 105.679 112.071 120.93 114.403 117.644 101.98 111.212 108.074 104.995 60 62.482 65.1153 67.8823 70.7672 8 4 0 4 8 80.895 76.9415 76.1052 72.9932 80.399 80.0999 80 145.602 147.513 142.436 144.499 139.313 141.534 136.235 148.054 138.852 94.8262 80.9938 78.8923 87.818 85.8836 84.3801 82.365 77.666 80.9938 78.8923 66.2118 64.622 62.6099 60.9262 59.0593 57.2713 72.111 144.222 134.402 140.911 137.637 78.8923 75.4718 72.111 20.3961 
76.4199 76.1052 72.111 68.469 68.1175 64.4981 64.1249 60.1332 76.1052 76 60 46.6476 36.8782 44.7214 34.4093 43.0813 32.249 41.7612 43.2666 40 103.769 109.836 118.727 112.071 115.378 99.3579 108.812 105.603 102.45 57.6888 60 62.482 65.1153 67.8823 12 8 4 0 4 84.8528 80.895 80.0999 76.9415 84.3801 84.0952 84 148.809 150.572 145.602 147.513 142.436 144.499 139.313 151.208 141.873 96.7471 83.2346 80.9938 89.8888 87.818 86.5332 84.3801 74.4043 77.666 75.4718 69.857 68.352 66.2118 64.622 62.6099 60.9262 68.352 146.479 136.821 143.22 140 82.365 78.8923 75.4718 20 
80.399 80.0999 76.1052 72.4431 72.111 68.469 68.1175 64.1249 80.0999 80 64 48.8262 39.598 46.6476 36.8782 44.7214 34.4093 43.0813 45.607 42.5206 101.98 107.703 116.619 109.836 113.208 96.8297 106.508 103.228 100 55.5698 57.6888 60 62.482 65.1153 16 12 8 4 0 88.8144 84.8528 84.0952 80.895 88.3629 88.0909 88 152.053 153.675 148.809 150.572 145.602 147.513 142.436 154.402 144.941 98.7927 85.6037 83.2346 92.0869 89.8888 88.8144 86.5332 71.218 74.4043 72.111 73.5391 72.111 69.857 68.352 66.2118 64.622 64.622 148.809 139.313 145.602 142.436 85.8836 82.365 78.8923 20.3961 
8.94427 17.8885 20 16.4924 22.6274 20.3961 25.6125 28.8444 11.3137 14.4222 26.8328 66.2118 62.0967 69.857 65.9697 73.5391 69.857 77.2528 64.622 63.2456 154.35 164.73 172.186 168.238 170.176 161.245 166.373 164.584 162.874 130.599 134.164 137.753 141.365 144.997 72.9932 76.9415 80.895 84.8528 88.8144 0 4 16.4924 8 4 8 12 84.0952 89.8888 82.4621 88.5438 80.9938 87.3613 79.6994 87.7268 83.5225 80.4984 66.5733 68.8186 73.4302 75.4718 69.9714 72.111 154.506 158.24 156.869 25.6125 23.3238 28.8444 26.8328 32.249 30.4631 148.486 108 96 104 100 53.3667 54.4059 55.7136 84.3801 
5.65685 16.4924 17.8885 12.6491 20 16.4924 22.6274 25.6125 8.94427 12.6491 23.3238 62.6099 58.2409 66.2118 62.0967 69.857 65.9697 73.5391 60.9262 59.4643 150.944 161.245 168.76 164.73 166.709 157.582 162.825 160.997 159.248 127.059 130.599 134.164 137.753 141.365 69.0507 72.9932 76.9415 80.895 84.8528 4 0 16 4 5.65685 8.94427 12.6491 85.8836 91.3893 84.0952 89.8888 82.4621 88.5438 80.9938 89.4427 84.7585 78.7909 64.4981 66.5733 71.5542 73.4302 68 69.9714 150.785 154.506 153.101 22.6274 20 25.6125 23.3238 28.8444 26.8328 144.499 108.074 96.0833 104.077 100.08 52.6118 53.3667 54.4059 80.399 
12.6491 4 8 16.9706 12 20 16 20 8.94427 5.65685 20.3961 71.218 64.4981 74.4043 68 77.666 71.5542 80.9938 68.8186 66.5733 160 169.753 177.629 173.066 175.317 164.73 170.88 168.76 166.709 120.333 124.064 127.812 131.575 135.351 68.1175 72.111 76.1052 80.0999 84.0952 16.4924 16 0 16.4924 12.6491 8.94427 5.65685 100.319 106.283 98.7927 104.995 97.4064 103.846 96.1665 104 100 93.6376 78.7909 80.4984 86.1626 87.7268 82.4621 84.0952 145.602 149.452 148.432 35.7771 32.249 37.7359 34.4093 40 36.8782 146.697 124.064 112.071 120.067 116.069 36.8782 37.9473 39.3954 83.5225 
4 16 16.4924 8.94427 17.8885 12.6491 20 22.6274 8 12 20 59.0593 54.4059 62.6099 58.2409 66.2118 62.0967 69.857 57.2713 55.7136 147.567 157.785 165.36 161.245 163.267 153.935 159.298 157.429 155.641 123.548 127.059 130.599 134.164 137.753 65.1153 69.0507 72.9932 76.9415 80.895 8 4 16.4924 0 8.94427 11.3137 14.4222 87.818 93.0376 85.8836 91.3893 84.0952 89.8888 82.4621 91.3017 86.1626 77.2528 62.6099 64.4981 69.857 71.5542 66.2118 68 147.078 150.785 149.345 20 16.9706 22.6274 20 25.6125 23.3238 140.513 108.296 96.3328 104.307 100.319 52.1536 52.6118 53.3667 76.4199 
8 14.4222 16.9706 16 20 20 23.3238 26.8328 8.94427 11.3137 25.2982 68 63.2456 71.5542 67.0522 75.1532 70.8802 78.7909 66.2118 64.622 156.461 166.709 174.264 170.176 172.186 162.874 168.238 166.373 164.584 128.81 132.424 136.059 139.714 143.388 72.4431 76.4199 80.399 84.3801 88.3629 4 5.65685 12.6491 8.94427 0 4 8 87.7268 93.6376 86.1626 92.3472 84.7585 91.214 83.5225 91.3893 87.3613 84.0952 69.9714 72.111 76.9415 78.8923 73.4302 75.4718 153.101 156.869 155.589 28.2843 25.6125 31.241 28.8444 34.4093 32.249 148.862 112 100 108 104 49.4773 50.5964 52 84.8528 
8.94427 11.3137 14.4222 16.4924 17.8885 20.3961 21.5407 25.2982 8 8.94427 24.3311 69.9714 64.622 73.4302 68.352 76.9415 72.111 80.4984 68 66.2118 158.644 168.76 176.409 172.186 174.264 164.584 170.176 168.238 166.373 127.122 130.782 134.462 138.159 141.873 72.111 76.1052 80.0999 84.0952 88.0909 8 8.94427 8.94427 11.3137 4 0 4 91.3893 97.4064 89.8888 96.1665 88.5438 95.0789 87.3613 95.0789 91.214 87.7268 73.4302 75.4718 80.4984 82.365 76.9415 78.8923 151.789 155.589 154.402 31.241 28.2843 33.9411 31.241 36.8782 34.4093 149.345 116 104 112 108 45.607 46.8188 48.3322 85.5102 
11.3137 8.94427 12.6491 17.8885 16.4924 21.5407 20.3961 24.3311 8.94427 8 24 72.111 66.2118 75.4718 69.857 78.8923 73.5391 82.365 69.9714 68 160.897 170.88 178.617 174.264 176.409 166.373 172.186 170.176 168.238 125.539 129.244 132.966 136.704 140.456 72 76 80 84 88 12 12.6491 5.65685 14.4222 8 4 0 95.0789 101.193 93.6376 100 92.3472 98.9545 91.214 98.7927 95.0789 91.3893 76.9415 78.8923 84.0952 85.8836 80.4984 82.365 150.572 154.402 153.31 34.4093 31.241 36.8782 33.9411 39.598 36.8782 149.933 120 108 116 112 41.7612 43.0813 44.7214 86.3481 
91.3017 101.98 103.769 95.4149 105.679 97.6524 107.703 109.836 94.8262 98.387 106.508 107.331 113.208 110.923 116.619 114.543 120.067 118.186 109.179 111.14 168.048 180.044 184.391 184.043 184.174 184.391 184 184.043 184.174 203.961 206.959 209.99 213.054 216.148 139.313 142.436 145.602 148.809 152.053 84.0952 85.8836 100.319 87.818 87.7268 91.3893 95.0789 0 8.94427 4 11.3137 8 14.4222 12 4 12.6491 72.111 74.7262 78.5875 72.9932 76.9415 73.7564 77.666 223.213 226.451 224.143 82.0731 85.0412 84.8528 87.7268 87.7268 90.5097 194.813 48.1664 41.1825 45.607 43.2666 136.704 138.159 139.714 137.928 
96.6644 107.703 109.252 100.24 110.923 102.215 112.712 114.612 100.319 104 111.14 107.703 114.403 111.14 117.644 114.612 120.93 118.119 109.836 112.071 164.049 176.045 180.044 180.044 180 181.108 180.178 180.4 180.71 206.495 209.38 212.302 215.258 218.248 141.534 144.499 147.513 150.572 153.675 89.8888 91.3893 106.283 93.0376 93.6376 97.4064 101.193 8.94427 0 8 4 8.94427 8 11.3137 5.65685 8.94427 69.0507 73.5391 77.2528 70.8802 74.7262 72.111 75.8947 224.891 228.035 225.601 85.6037 88.8144 88.0909 91.214 90.6863 93.723 193.866 40 34.176 37.7359 35.7771 142.941 144.222 145.602 138.679 
89.4427 100.319 101.98 93.2952 103.769 95.4149 105.679 107.703 93.0376 96.6644 104.307 103.769 109.836 107.331 113.208 110.923 116.619 114.543 105.679 107.703 164.049 176.045 180.4 180.044 180.178 180.4 180 180.044 180.178 200.998 203.961 206.959 209.99 213.054 136.235 139.313 142.436 145.602 148.809 82.4621 84.0952 98.7927 85.8836 86.1626 89.8888 93.6376 4 8 0 8.94427 4 11.3137 8 5.65685 8.94427 68.1175 70.8802 74.7262 69.0507 72.9932 69.857 73.7564 220 223.213 220.871 79.3977 82.4621 82.0731 85.0412 84.8528 87.7268 191.039 45.2548 37.7359 42.5206 40 135.351 136.704 138.159 134.462 
95.0789 106.283 107.703 98.387 109.252 100.24 110.923 112.712 98.7927 102.528 109.179 104.307 111.212 107.703 114.403 111.14 117.644 114.612 106.508 108.812 160.05 172.047 176.045 176.045 176 177.133 176.182 176.409 176.726 203.647 206.495 209.38 212.302 215.258 138.622 141.534 144.499 147.513 150.572 88.5438 89.8888 104.995 91.3893 92.3472 96.1665 100 11.3137 4 8.94427 0 8 4 8.94427 8.94427 5.65685 65.1153 69.857 73.5391 67.0522 70.8802 68.352 72.111 221.775 224.891 222.423 83.2346 86.5332 85.6037 88.8144 88.0909 91.214 190.158 36.8782 30.4631 34.4093 32.249 141.76 142.941 144.222 135.351 
87.7268 98.7927 100.319 91.3017 101.98 93.2952 103.769 105.679 91.3893 95.0789 102.215 100.24 106.508 103.769 109.836 107.331 113.208 110.923 102.215 104.307 160.05 172.047 176.409 176.045 176.182 176.409 176 176.045 176.182 198.071 200.998 203.961 206.959 209.99 133.207 136.235 139.313 142.436 145.602 80.9938 82.4621 97.4064 84.0952 84.7585 88.5438 92.3472 8 8.94427 4 8 0 8.94427 4 8.94427 5.65685 64.1249 67.0522 70.8802 65.1153 69.0507 65.9697 69.857 216.813 220 217.624 76.8375 80 79.3977 82.4621 82.0731 85.0412 187.275 42.5206 34.4093 39.598 36.8782 134.104 135.351 136.704 131.027 
93.6376 104.995 106.283 96.6644 107.703 98.387 109.252 110.923 97.4064 101.193 107.331 100.955 108.074 104.307 111.212 107.703 114.403 111.14 103.228 105.603 156.051 168.048 172.047 172.047 172 173.159 172.186 172.418 172.743 200.838 203.647 206.495 209.38 212.302 135.765 138.622 141.534 144.499 147.513 87.3613 88.5438 103.846 89.8888 91.214 95.0789 98.9545 14.4222 8 11.3137 4 8.94427 0 8 12.6491 4 61.1882 66.2118 69.857 63.2456 67.0522 64.622 68.352 218.687 221.775 219.272 80.9938 84.3801 83.2346 86.5332 85.6037 88.8144 186.462 33.9411 26.8328 31.241 28.8444 140.684 141.76 142.941 132.061 
86.1626 97.4064 98.7927 89.4427 100.319 91.3017 101.98 103.769 89.8888 93.6376 100.24 96.7471 103.228 100.24 106.508 103.769 109.836 107.331 98.7927 100.955 156.051 168.048 172.418 172.047 172.186 172.418 172 172.047 172.186 195.182 198.071 200.998 203.961 206.959 130.231 133.207 136.235 139.313 142.436 79.6994 80.9938 96.1665 82.4621 83.5225 87.3613 91.214 12 11.3137 8 8.94427 4 8 0 12.6491 4 60.1332 63.2456 67.0522 61.1882 65.1153 62.0967 65.9697 213.654 216.813 214.401 74.4043 77.666 76.8375 80 79.3977 82.4621 183.521 40 31.241 36.8782 33.9411 132.966 134.104 135.351 127.624 
94.8262 105.603 107.331 98.7927 109.179 100.955 111.14 113.208 98.387 101.98 109.836 109.179 115.378 112.712 118.727 116.276 122.115 119.867 111.14 113.208 168 180 184.174 184 184.043 184.694 184.043 184.174 184.391 206.649 209.609 212.603 215.629 218.687 141.873 144.941 148.054 151.208 154.402 87.7268 89.4427 104 91.3017 91.3893 95.0789 98.7927 4 5.65685 5.65685 8.94427 8.94427 12.6491 12.6491 0 12 72.4431 75.8947 79.6994 73.7564 77.666 74.7262 78.5875 225.601 228.806 226.451 85.0412 88.0909 87.7268 90.6863 90.5097 93.3809 196.163 45.607 39.3954 43.2666 41.1825 140.456 141.873 143.388 139.943 
89.8888 101.193 102.528 93.0376 104 94.8262 105.603 107.331 93.6376 97.4064 103.769 98.7927 105.603 102.215 108.812 105.679 112.071 109.179 100.955 103.228 156 168 172.186 172 172.047 172.743 172.047 172.186 172.418 197.99 200.838 203.725 206.649 209.609 132.966 135.882 138.852 141.873 144.941 83.5225 84.7585 100 86.1626 87.3613 91.214 95.0789 12.6491 8.94427 8.94427 5.65685 5.65685 4 4 12 0 60.531 64.622 68.352 62.0967 65.9697 63.2456 67.0522 216.148 219.272 216.813 77.666 80.9938 80 83.2346 82.4621 85.6037 184.954 36.8782 28.8444 33.9411 31.241 136.821 137.928 139.14 129.8 
80.9938 92.3472 91.214 78.5875 90.2441 77.666 89.4427 88.8144 84.7585 88.5438 84.8528 50.1199 60.9262 52.1536 62.6099 54.4059 64.4981 56.8507 53.6656 57.2713 96.3328 108.296 113.137 112.285 112.641 112.285 112.071 112 112.071 154.35 156.461 158.644 160.897 163.218 91.3893 93.0376 94.8262 96.7471 98.7927 80.4984 78.7909 93.6376 77.2528 84.0952 87.7268 91.3893 72.111 69.0507 68.1175 65.1153 64.1249 61.1882 60.1332 72.4431 60.531 0 16 16.4924 8 8.94427 12 12.6491 167.475 170.082 167.093 58.2409 62.0967 57.2713 61.1882 56.5685 60.531 127.059 50.9117 43.2666 48.1664 45.607 126.301 125.603 125.028 80 
66.2118 77.2528 75.8947 63.2456 74.7262 62.0967 73.7564 72.9932 69.857 73.5391 69.0507 36.8782 46.6476 39.598 48.8262 42.5206 51.225 45.607 40 43.2666 98.9545 110.635 116.482 114.543 115.447 112.285 113.772 113.137 112.641 140.911 143.22 145.602 148.054 150.572 76.9415 78.8923 80.9938 83.2346 85.6037 66.5733 64.4981 78.7909 62.6099 69.9714 73.4302 76.9415 74.7262 73.5391 70.8802 69.857 67.0522 66.2118 63.2456 75.8947 64.622 16 0 4 8 8.94427 4 5.65685 155.589 158.392 155.589 43.0813 46.8188 41.7612 45.607 40.7922 44.7214 120.333 63.2456 53.8145 60 56.8507 110.635 109.836 109.179 67.8823 
68 78.7909 77.2528 64.622 75.8947 63.2456 74.7262 73.7564 71.5542 75.1532 69.857 34.4093 44.7214 36.8782 46.6476 39.598 48.8262 42.5206 37.7359 41.1825 95.0789 106.733 112.641 110.635 111.571 108.296 109.836 109.179 108.665 138.679 140.911 143.22 145.602 148.054 75.1532 76.9415 78.8923 80.9938 83.2346 68.8186 66.5733 80.4984 64.4981 72.111 75.4718 78.8923 78.5875 77.2528 74.7262 73.5391 70.8802 69.857 67.0522 79.6994 68.352 16.4924 4 0 8.94427 8 5.65685 4 152.84 155.589 152.735 44.7214 48.3322 43.0813 46.8188 41.7612 45.607 116.619 65.6049 56.5685 62.482 59.4643 111.571 110.635 109.836 65.1153 
73.5391 84.7585 83.5225 70.8802 82.4621 69.857 81.5843 80.895 77.2528 80.9938 76.9415 43.2666 53.6656 45.607 55.5698 48.1664 57.6888 50.9117 46.6476 50.1199 97.3242 109.179 114.543 113.137 113.772 112 112.641 112.285 112.071 147.567 149.773 152.053 154.402 156.818 84.0952 85.8836 87.818 89.8888 92.0869 73.4302 71.5542 86.1626 69.857 76.9415 80.4984 84.0952 72.9932 70.8802 69.0507 67.0522 65.1153 63.2456 61.1882 73.7564 62.0967 8 8 8.94427 0 4 4 5.65685 161.443 164.146 161.245 50.5964 54.4059 49.4773 53.3667 48.6621 52.6118 123.483 56.8507 48.1664 53.8145 50.9117 118.457 117.712 117.098 73.7564 
75.1532 86.1626 84.7585 72.111 83.5225 70.8802 82.4621 81.5843 78.7909 82.4621 77.666 41.1825 52 43.2666 53.6656 45.607 55.5698 48.1664 44.7214 48.3322 93.3809 105.224 110.635 109.179 109.836 108 108.665 108.296 108.074 145.437 147.567 149.773 152.053 154.402 82.4621 84.0952 85.8836 87.818 89.8888 75.4718 73.4302 87.7268 71.5542 78.8923 82.365 85.8836 76.9415 74.7262 72.9932 70.8802 69.0507 67.0522 65.1153 77.666 65.9697 8.94427 8.94427 8 4 0 5.65685 4 158.795 161.443 158.493 52 55.7136 50.5964 54.4059 49.4773 53.3667 119.867 59.4643 51.225 56.5685 53.8145 119.331 118.457 117.712 71.218 
69.857 80.9938 79.6994 67.0522 78.5875 65.9697 77.666 76.9415 73.5391 77.2528 72.9932 40 50.1199 42.5206 52.1536 45.2548 54.4059 48.1664 43.2666 46.6476 98.0612 109.836 115.447 113.772 114.543 112.071 113.137 112.641 112.285 144.222 146.479 148.809 151.208 153.675 80.4984 82.365 84.3801 86.5332 88.8144 69.9714 68 82.4621 66.2118 73.4302 76.9415 80.4984 73.7564 72.111 69.857 68.352 65.9697 64.622 62.0967 74.7262 63.2456 12 4 5.65685 4 5.65685 0 4 158.493 161.245 158.392 46.8188 50.5964 45.607 49.4773 44.7214 48.6621 121.852 60 50.9117 56.8507 53.8145 114.543 113.772 113.137 70.7672 
71.5542 82.4621 80.9938 68.352 79.6994 67.0522 78.5875 77.666 75.1532 78.7909 73.7564 37.7359 48.3322 40 50.1199 42.5206 52.1536 45.2548 41.1825 44.7214 94.1488 105.906 111.571 109.836 110.635 108.074 109.179 108.665 108.296 142.042 144.222 146.479 148.809 151.208 78.7909 80.4984 82.365 84.3801 86.5332 72.111 69.9714 84.0952 68 75.4718 78.8923 82.365 77.666 75.8947 73.7564 72.111 69.857 68.352 65.9697 78.5875 67.0522 12.6491 5.65685 4 5.65685 4 4 0 155.795 158.493 155.589 48.3322 52 46.8188 50.5964 45.607 49.4773 118.186 62.482 53.8145 59.4643 56.5685 115.447 114.543 113.772 68.1175 
145.602 141.76 137.928 138.159 134.104 134.462 130.292 126.491 144.222 142.941 127.812 118.794 110.635 116 107.629 113.278 104.69 110.635 116 113.278 136.528 136 144.056 136.059 140.057 120.067 132.061 128.062 124.064 28.2843 24.3311 20.3961 16.4924 12.6491 84.3801 80.9938 77.666 74.4043 71.218 154.506 150.785 145.602 147.078 153.101 151.789 150.572 223.213 224.891 220 221.775 216.813 218.687 213.654 225.601 216.148 167.475 155.589 152.84 161.443 158.795 158.493 155.795 0 4 5.65685 143.388 141.421 139.943 137.928 136.528 134.462 68.1175 218.248 209.38 215.258 212.302 132.061 128.062 124.064 87.7268 
149.345 145.602 141.76 141.873 137.928 138.159 134.104 130.292 148 146.751 131.575 121.655 113.701 118.794 110.635 116 107.629 113.278 118.929 116.276 136.938 136.059 144 136 140 120 132 128 124 32.249 28.2843 24.3311 20.3961 16.4924 87.818 84.3801 80.9938 77.666 74.4043 158.24 154.506 149.452 150.785 156.869 155.589 154.402 226.451 228.035 223.213 224.891 220 221.775 216.813 228.806 219.272 170.082 158.392 155.589 164.146 161.443 161.245 158.493 4 0 4 146.86 144.941 143.388 141.421 139.943 137.928 68 220.907 212.151 217.954 215.035 136.059 132.061 128.062 90.5097 
148 144.554 140.684 140.456 136.821 136.704 132.966 129.12 146.751 145.602 130.292 118.929 111.212 116 108.074 113.137 104.995 110.345 116.276 113.701 132.966 132.061 140 132 136 116 128 124 120 32.9848 29.1204 25.2982 21.5407 17.8885 85.8836 82.365 78.8923 75.4718 72.111 156.869 153.101 148.432 149.345 155.589 154.402 153.31 224.143 225.601 220.871 222.423 217.624 219.272 214.401 226.451 216.813 167.093 155.589 152.735 161.245 158.493 158.392 155.589 5.65685 4 0 144.941 143.108 141.421 139.542 137.928 136 64 217.954 209.304 215.035 212.151 136 132 128 87.7268 
23.3238 34.176 32.9848 20.3961 32.249 20 32 32.249 26.8328 30.4631 28.2843 41.7612 40 45.607 44 49.4773 48 53.3667 40.7922 40.1995 128.996 139.542 146.86 143.108 144.941 136.704 141.365 139.714 138.159 122.442 125.603 128.81 132.061 135.351 59.0593 62.6099 66.2118 69.857 73.5391 25.6125 22.6274 35.7771 20 28.2843 31.241 34.4093 82.0731 85.6037 79.3977 83.2346 76.8375 80.9938 74.4043 85.0412 77.666 58.2409 43.0813 44.7214 50.5964 52 46.8188 48.3322 143.388 146.86 144.941 0 4 4 5.65685 8 8.94427 128.062 94.1488 82.4621 90.2441 86.3481 68.469 68.1175 68 64.4981 
20 30.4631 29.1204 16.4924 28.2843 16 28 28.2843 23.3238 26.8328 24.3311 43.0813 40.1995 46.8188 44.1814 50.5964 48.1664 54.4059 41.7612 40.7922 131.027 141.421 148.862 144.941 146.86 138.159 143.108 141.365 139.714 120 123.223 126.491 129.8 133.147 57.2713 60.9262 64.622 68.352 72.111 23.3238 20 32.249 16.9706 25.6125 28.2843 31.241 85.0412 88.8144 82.4621 86.5332 80 84.3801 77.666 88.0909 80.9938 62.0967 46.8188 48.3322 54.4059 55.7136 50.5964 52 141.421 144.941 143.108 4 0 5.65685 4 8.94427 8 128 98.0612 86.3481 94.1488 90.2441 64.4981 64.1249 64 64.1249 
25.6125 35.7771 34.176 21.5407 32.9848 20.3961 32.249 32 28.8444 32.249 28 37.9473 36 41.7612 40 45.607 44 49.4773 36.8782 36.2215 125.539 136 143.388 139.542 141.421 132.966 137.753 136.059 134.462 119.331 122.442 125.603 128.81 132.061 55.5698 59.0593 62.6099 66.2118 69.857 28.8444 25.6125 37.7359 22.6274 31.241 33.9411 36.8782 84.8528 88.0909 82.0731 85.6037 79.3977 83.2346 76.8375 87.7268 80 57.2713 41.7612 43.0813 49.4773 50.5964 45.607 46.8188 139.943 143.388 141.421 4 5.65685 0 4 4 5.65685 124.064 95.0789 83.5225 91.214 87.3613 69.0507 68.469 68.1175 60.531 
