0 4 4 5.65685 66.2118 64.622 63.2456 62.0967 61.1882 192.416 181.813 189.694 187.019 184.391 173.113 165.602 170.552 168.048 134.937 132.544 138.852 136.528 134.164 138.101 133.507 137.463 132.966 136.938 75.4718 77.666 155.589 154.402 153.31 152.315 137.928 134.104 136.821 132.966 76.4199 66.5733 73.5391 63.2456 70.7672 60 73.7564 67.8823 71.218 65.1153 68.8186 62.482 109.836 108.296 113.772 112.285 117.712 116.276 109.179 117.098 108.665 116.619 31.241 21.5407 33.9411 25.2982 36.8782 29.1204 28.2843 34.4093 25.6125 32.249 
4 0 5.65685 4 69.857 68.352 67.0522 65.9697 65.1153 195.182 184.391 192.416 189.694 187.019 175.727 168.048 173.113 170.552 135.823 132.966 139.714 136.938 134.937 138.852 134.164 138.101 133.507 137.463 78.8923 80.9938 159.399 158.24 157.175 156.205 141.76 137.928 140.684 136.821 79.196 68.8186 76.4199 65.6049 73.7564 62.482 76.4199 70.7672 73.7564 67.8823 71.218 65.1153 110.635 108.665 114.543 112.641 118.457 116.619 109.836 117.712 109.179 117.098 34.4093 23.3238 36.8782 26.8328 39.598 30.4631 31.241 36.8782 28.2843 34.4093 
4 5.65685 0 4 68 66.2118 64.622 63.2456 62.0967 189.526 178.751 186.762 184.043 181.373 170.082 162.432 167.475 164.924 131.027 128.561 134.937 132.544 130.231 134.164 129.553 133.507 128.996 132.966 73.4302 75.4718 156.869 155.589 154.402 153.31 139.14 135.351 137.928 134.104 79.3977 69.9714 76.4199 66.5733 73.5391 63.2456 76.8375 70.7672 74.4043 68.1175 72.111 65.6049 105.906 104.307 109.836 108.296 113.772 112.285 105.224 113.137 104.69 112.641 28.8444 17.8885 31.241 21.5407 33.9411 25.2982 25.6125 31.241 22.6274 28.8444 
5.65685 4 4 0 71.5542 69.857 68.352 67.0522 65.9697 192.333 181.373 189.526 186.762 184.043 172.743 164.924 170.082 167.475 131.939 128.996 135.823 132.966 131.027 134.937 130.231 134.164 129.553 133.507 76.9415 78.8923 160.649 159.399 158.24 157.175 142.941 139.14 141.76 137.928 82.0731 72.111 79.196 68.8186 76.4199 65.6049 79.3977 73.5391 76.8375 70.7672 74.4043 68.1175 106.733 104.69 110.635 108.665 114.543 112.641 105.906 113.772 105.224 113.137 32.249 20 34.4093 23.3238 36.8782 26.8328 28.8444 33.9411 25.6125 31.241 
66.2118 69.857 68 71.5542 0 4 8 12 16 182.779 177.088 181.24 179.778 178.393 168.238 164.924 167.045 165.94 163.169 167.045 167.093 170.88 164 167.905 164.924 168.808 165.94 169.8 68.1175 72.111 90.2441 89.4427 88.8144 88.3629 72.9932 69.0507 72.4431 68.469 29.1204 36.8782 25.2982 33.9411 21.5407 31.241 30.4631 23.3238 32.249 25.6125 34.4093 28.2843 141.76 145.602 145.602 149.345 149.452 153.101 142.941 150.572 144.222 151.789 60 70.7672 63.2456 73.5391 66.5733 76.4199 62.482 68.8186 65.1153 71.218 
64.622 68.352 66.2118 69.857 4 0 4 8 12 179.109 173.297 177.539 176.045 174.631 164.438 161.047 163.218 162.086 159.248 163.218 163.169 167.045 160.1 164 161.047 164.924 162.086 165.94 64.1249 68.1175 91.214 90.2441 89.4427 88.8144 73.7564 69.857 72.9932 69.0507 32.9848 40 29.1204 36.8782 25.2982 33.9411 34.176 26.8328 35.7771 28.8444 37.7359 31.241 137.928 141.873 141.76 145.602 145.602 149.345 139.14 146.751 140.456 148 56.8507 68.1175 60 70.7672 63.2456 73.5391 59.4643 65.6049 62.2254 68.1175 
63.2456 67.0522 64.622 68.352 8 4 0 4 8 175.454 169.517 173.851 172.325 170.88 160.649 157.175 159.399 158.24 155.332 159.399 159.248 163.218 156.205 160.1 157.175 161.047 158.24 162.086 60.1332 64.1249 92.3472 91.214 90.2441 89.4427 74.7262 70.8802 73.7564 69.857 36.8782 43.2666 32.9848 40 29.1204 36.8782 37.9473 30.4631 39.3954 32.249 41.1825 34.4093 134.104 138.159 137.928 141.873 141.76 145.602 135.351 142.941 136.704 144.222 53.8145 65.6049 56.8507 68.1175 60 70.7672 56.5685 62.482 59.4643 65.1153 
62.0967 65.9697 63.2456 67.0522 12 8 4 0 4 171.814 165.747 170.176 168.618 167.141 156.869 153.31 155.589 154.402 151.42 155.589 155.332 159.399 152.315 156.205 153.31 157.175 154.402 158.24 56.1427 60.1332 93.6376 92.3472 91.214 90.2441 75.8947 72.111 74.7262 70.8802 40.7922 46.6476 36.8782 43.2666 32.9848 40 41.7612 34.176 43.0813 35.7771 44.7214 37.7359 130.292 134.462 134.104 138.159 137.928 141.873 131.575 139.14 132.966 140.456 50.9117 63.2456 53.8145 65.6049 56.8507 68.1175 53.8145 59.4643 56.8507 62.2254 
61.1882 65.1153 62.0967 65.9697 16 12 8 4 0 168.19 161.988 166.517 164.924 163.414 153.101 149.452 151.789 150.572 147.513 151.789 151.42 155.589 148.432 152.315 149.452 153.31 150.572 154.402 52.1536 56.1427 95.0789 93.6376 92.3472 91.214 77.2528 73.5391 75.8947 72.111 44.7214 50.1199 40.7922 46.6476 36.8782 43.2666 45.607 37.9473 46.8188 39.3954 48.3322 41.1825 126.491 130.782 130.292 134.462 134.104 138.159 127.812 135.351 129.244 136.704 48.1664 61.0574 50.9117 63.2456 53.8145 65.6049 51.225 56.5685 54.4059 59.4643 
192.416 195.182 189.526 192.333 182.779 179.109 175.454 171.814 168.19 0 16 4 8 12 21.5407 32.9848 25.2982 29.1204 104.307 120.266 104.077 120.067 108.296 108.074 112.285 112.071 116.276 116.069 120.93 117.644 188.68 184.694 180.71 176.726 180 180.044 176 176.045 211.698 218.248 208 214.663 204.313 211.092 213.242 205.913 214.849 207.576 216.518 209.304 116.482 128.062 115.447 127.122 114.543 126.301 120.333 118.457 124.193 122.376 161.443 172.557 158.493 169.8 155.589 167.093 164.146 158.392 166.901 161.245 
181.813 184.391 178.751 181.373 177.088 173.297 169.517 165.747 161.988 16 0 12 8 4 8.94427 17.8885 11.3137 14.4222 88.3629 104.307 88.0909 104.077 92.3472 92.0869 96.3328 96.0833 100.319 100.08 112.712 109.179 190.704 186.762 182.822 178.885 180.71 180.4 176.726 176.409 206.184 211.698 202.386 208 198.595 204.313 207.461 199.92 208.806 201.316 210.219 202.781 101.193 112.641 100 111.571 98.9545 110.635 104.995 102.84 108.812 106.733 151.208 161.443 148.054 158.493 144.941 155.589 153.675 147.513 156.205 150.147 
189.694 192.416 186.762 189.526 181.24 177.539 173.851 170.176 166.517 4 12 0 4 8 17.8885 29.1204 21.5407 25.2982 100.319 116.276 100.08 116.069 104.307 104.077 108.296 108.074 112.285 112.071 118.727 115.378 189.061 185.084 181.108 177.133 180.044 180 176.045 176 210.219 216.518 206.495 212.904 202.781 209.304 211.698 204.313 213.242 205.913 214.849 207.576 112.641 124.193 111.571 123.223 110.635 122.376 116.482 114.543 120.333 118.457 158.795 169.706 155.795 166.901 152.84 164.146 161.443 155.589 164.146 158.392 
187.019 189.694 184.043 186.762 179.778 176.045 172.325 168.618 164.924 8 8 4 0 4 14.4222 25.2982 17.8885 21.5407 96.3328 112.285 96.0833 112.071 100.319 100.08 104.307 104.077 108.296 108.074 116.619 113.208 189.526 185.559 181.593 177.629 180.178 180.044 176.182 176.045 208.806 214.849 205.056 211.206 201.316 207.576 210.219 202.781 211.698 204.313 213.242 205.913 108.812 120.333 107.703 119.331 106.733 118.457 112.641 110.635 116.482 114.543 156.205 166.901 153.154 164.049 150.147 161.245 158.795 152.84 161.443 155.589 
184.391 187.019 181.373 184.043 178.393 174.631 170.88 167.141 163.414 12 4 8 4 0 11.3137 21.5407 14.4222 17.8885 92.3472 108.296 92.0869 108.074 96.3328 96.0833 100.319 100.08 104.307 104.077 114.612 111.14 190.074 186.118 182.165 178.213 180.4 180.178 176.409 176.182 207.461 213.242 203.686 209.571 199.92 205.913 208.806 201.316 210.219 202.781 211.698 204.313 104.995 116.482 103.846 115.447 102.84 114.543 108.812 106.733 112.641 110.635 153.675 164.146 150.572 161.245 147.513 158.392 156.205 150.147 158.795 152.84 
173.113 175.727 170.082 172.743 168.238 164.438 160.649 156.869 153.101 21.5407 8.94427 17.8885 14.4222 11.3137 0 12 4 8 84 100 84.0952 100.08 88 88.0909 92 92.0869 96 96.0833 103.769 100.24 183.565 179.644 175.727 171.814 173.159 172.743 169.186 168.76 197.342 202.781 193.536 199.078 189.737 195.387 198.595 191.039 199.92 192.416 201.316 193.866 95.0789 106.733 94.1488 105.906 93.3809 105.224 98.9545 97.3242 102.84 101.272 142.436 152.84 139.313 149.933 136.235 147.078 144.941 138.852 147.513 141.534 
165.602 168.048 162.432 164.924 164.924 161.047 157.175 153.31 149.452 32.9848 17.8885 29.1204 25.2982 21.5407 12 0 8 4 72 88 72.111 88.0909 76 76.1052 80 80.0999 84 84.0952 98.7927 95.0789 186.29 182.428 178.572 174.723 174.951 174.264 171.02 170.317 194.031 198.595 190.158 194.813 186.29 191.039 195.059 187.361 196.163 188.51 197.342 189.737 83.5225 95.0789 82.4621 94.1488 81.5843 93.3809 87.3613 85.5102 91.214 89.4427 135.351 144.941 132.061 141.873 128.81 138.852 137.637 131.21 140 133.686 
170.552 173.113 167.475 170.082 167.045 163.218 159.399 155.589 151.789 25.2982 11.3137 21.5407 17.8885 14.4222 4 8 0 4 80 96 80.0999 96.0833 84 84.0952 88 88.0909 92 92.0869 101.98 98.387 184.391 180.488 176.59 172.696 173.666 173.159 169.706 169.186 196.163 201.316 192.333 197.585 188.51 193.866 197.342 189.737 198.595 191.039 199.92 192.416 91.214 102.84 90.2441 101.98 89.4427 101.272 95.0789 93.3809 98.9545 97.3242 140 150.147 136.821 147.187 133.686 144.278 142.436 136.235 144.941 138.852 
168.048 170.552 164.924 167.475 165.94 162.086 158.24 154.402 150.572 29.1204 14.4222 25.2982 21.5407 17.8885 8 4 4 0 76 92 76.1052 92.0869 80 80.0999 84 84.0952 88 88.0909 100.319 96.6644 185.3 181.417 177.539 173.666 174.264 173.666 170.317 169.706 195.059 199.92 191.207 196.163 187.361 192.416 196.163 188.51 197.342 189.737 198.595 191.039 87.3613 98.9545 86.3481 98.0612 85.5102 97.3242 91.214 89.4427 95.0789 93.3809 137.637 147.513 134.402 144.499 131.21 141.534 140 133.686 142.436 136.235 
134.937 135.823 131.027 131.939 163.169 159.248 155.332 151.42 147.513 104.307 88.3629 100.319 96.3328 92.3472 84 72 80 76 0 16 4 16.4924 4 5.65685 8 8.94427 12 12.6491 98.7927 95.0789 216.333 213.016 209.724 206.456 200.998 198.957 197.585 195.51 189.526 188.17 185.559 184.174 181.593 180.178 189.061 181.108 188.68 180.71 188.383 180.4 25.2982 31.241 21.5407 28.2843 17.8885 25.6125 26.8328 20 28.8444 22.6274 112.071 113.772 108.074 109.836 104.077 105.906 112.285 104.307 112.641 104.69 
132.544 132.966 128.561 128.996 167.045 163.218 159.399 155.589 151.789 120.266 104.307 116.276 112.285 108.296 100 88 96 92 16 0 16.4924 4 12 12.6491 8 8.94427 4 5.65685 105.679 102.215 225.601 222.423 219.272 216.148 209.724 207.461 206.456 204.157 192.208 189.526 188.298 185.559 184.391 181.593 191.416 183.565 190.704 182.822 190.074 182.165 25.2982 24.3311 21.5407 20.3961 17.8885 16.4924 24.3311 16.4924 24 16 112.641 112.071 108.665 108.074 104.69 104.077 112.285 104.307 112.071 104.077 
138.852 139.714 134.937 135.823 167.093 163.169 159.248 155.332 151.42 104.077 88.0909 100.08 96.0833 92.0869 84.0952 72.111 80.0999 76.1052 4 16.4924 0 16 5.65685 4 8.94427 8 12.6491 12 102.528 98.7927 219.672 216.333 213.016 209.724 204.431 202.425 200.998 198.957 193.494 192.167 189.526 188.17 185.559 184.174 193.039 185.084 192.666 184.694 192.375 184.391 29.1204 34.4093 25.2982 31.241 21.5407 28.2843 30.4631 23.3238 32.249 25.6125 116.069 117.712 112.071 113.772 108.074 109.836 116.276 108.296 116.619 108.665 
136.528 136.938 132.544 132.966 170.88 167.045 163.218 159.399 155.589 120.067 104.077 116.069 112.071 108.074 100.08 88.0909 96.0833 92.0869 16.4924 4 16 0 12.6491 12 8.94427 8 5.65685 4 109.179 105.679 228.806 225.601 222.423 219.272 213.016 210.789 209.724 207.461 196.122 193.494 192.208 189.526 188.298 185.559 195.346 187.489 194.648 186.762 194.031 186.118 29.1204 28.2843 25.2982 24.3311 21.5407 20.3961 28.2843 20.3961 28 20 116.619 116.069 112.641 112.071 108.665 108.074 116.276 108.296 116.069 108.074 
134.164 134.937 130.231 131.027 164 160.1 156.205 152.315 148.432 108.296 92.3472 104.307 100.319 96.3328 88 76 84 80 4 12 5.65685 12.6491 0 4 4 5.65685 8 8.94427 100.319 96.6644 218.577 215.295 212.038 208.806 203.096 200.998 199.72 197.585 190.074 188.383 186.118 184.391 182.165 180.4 189.526 181.593 189.061 181.108 188.68 180.71 24.3311 28.8444 20.3961 25.6125 16.4924 22.6274 25.2982 17.8885 26.8328 20 112 113.137 108 109.179 104 105.224 112.071 104.077 112.285 104.307 
138.101 138.852 134.164 134.937 167.905 164 160.1 156.205 152.315 108.074 92.0869 104.077 100.08 96.0833 88.0909 76.1052 84.0952 80.0999 5.65685 12.6491 4 12 4 0 5.65685 4 8.94427 8 104 100.319 221.883 218.577 215.295 212.038 206.495 204.431 203.096 200.998 194.031 192.375 190.074 188.383 186.118 184.391 193.494 185.559 193.039 185.084 192.666 184.694 28.2843 32.249 24.3311 28.8444 20.3961 25.6125 29.1204 21.5407 30.4631 23.3238 116 117.098 112 113.137 108 109.179 116.069 108.074 116.276 108.296 
133.507 134.164 129.553 130.231 164.924 161.047 157.175 153.31 149.452 112.285 96.3328 108.296 104.307 100.319 92 80 88 84 8 8 8.94427 8.94427 4 5.65685 0 4 4 5.65685 101.98 98.387 220.871 217.624 214.401 211.206 205.251 203.096 201.911 199.72 190.704 188.68 186.762 184.694 182.822 180.71 190.074 182.165 189.526 181.593 189.061 181.108 24 26.8328 20 23.3238 16 20 24.3311 16.4924 25.2982 17.8885 112.071 112.641 108.074 108.665 104.077 104.69 112 104 112.071 104.077 
137.463 138.101 133.507 134.164 168.808 164.924 161.047 157.175 153.31 112.071 96.0833 108.074 104.077 100.08 92.0869 80.0999 88.0909 84.0952 8.94427 8.94427 8 8 5.65685 4 4 0 5.65685 4 105.603 101.98 224.143 220.871 217.624 214.401 208.614 206.495 205.251 203.096 194.648 192.666 190.704 188.68 186.762 184.694 194.031 186.118 193.494 185.559 193.039 185.084 28 30.4631 24 26.8328 20 23.3238 28.2843 20.3961 29.1204 21.5407 116.069 116.619 112.071 112.641 108.074 108.665 116 108 116.069 108.074 
132.966 133.507 128.996 129.553 165.94 162.086 158.24 154.402 150.572 116.276 100.319 112.285 108.296 104.307 96 84 92 88 12 4 12.6491 5.65685 8 8.94427 4 5.65685 0 4 103.769 100.24 223.213 220 216.813 213.654 207.461 205.251 204.157 201.911 191.416 189.061 187.489 185.084 183.565 181.108 190.704 182.822 190.074 182.165 189.526 181.593 24.3311 25.2982 20.3961 21.5407 16.4924 17.8885 24 16 24.3311 16.4924 112.285 112.285 108.296 108.296 104.307 104.307 112.071 104.077 112 104 
136.938 137.463 132.966 133.507 169.8 165.94 162.086 158.24 154.402 116.069 100.08 112.071 108.074 104.077 96.0833 84.0952 92.0869 88.0909 12.6491 5.65685 12 4 8.94427 8 5.65685 4 4 0 107.331 103.769 226.451 223.213 220 216.813 210.789 208.614 207.461 205.251 195.346 193.039 191.416 189.061 187.489 185.084 194.648 186.762 194.031 186.118 193.494 185.559 28.2843 29.1204 24.3311 25.2982 20.3961 21.5407 28 20 28.2843 20.3961 116.276 116.276 112.285 112.285 108.296 108.296 116.069 108.074 116 108 
75.4718 78.8923 73.4302 76.9415 68.1175 64.1249 60.1332 56.1427 52.1536 120.93 112.712 118.727 116.619 114.612 103.769 98.7927 101.98 100.319 98.7927 105.679 102.528 109.179 100.319 104 101.98 105.603 103.769 107.331 0 4 121.655 118.794 116 113.278 104.995 102.45 101.98 99.3579 96.7471 100 92.7793 96.1665 88.8144 92.3472 97.3242 89.4427 98.0612 90.2441 98.9545 91.214 80.9938 88.0909 84.3801 91.214 87.818 94.4034 83.2346 89.8888 85.6037 92.0869 44.7214 59.4643 43.0813 58.2409 41.7612 57.2713 48.3322 45.607 52 49.4773 
77.666 80.9938 75.4718 78.8923 72.111 68.1175 64.1249 60.1332 56.1427 117.644 109.179 115.378 113.208 111.14 100.24 95.0789 98.387 96.6644 95.0789 102.215 98.7927 105.679 96.6644 100.319 98.387 101.98 100.24 103.769 4 0 124.579 121.655 118.794 116 108.074 105.603 104.995 102.45 100.717 103.846 96.7471 100 92.7793 96.1665 101.272 93.3809 101.98 94.1488 102.84 95.0789 77.666 85.0412 80.9938 88.0909 84.3801 91.214 80 86.5332 82.4621 88.8144 46.6476 60.9262 44.7214 59.4643 43.0813 58.2409 50.1199 46.8188 53.6656 50.5964 
155.589 159.399 156.869 160.649 90.2441 91.214 92.3472 93.6376 95.0789 188.68 190.704 189.061 189.526 190.074 183.565 186.29 184.391 185.3 216.333 225.601 219.672 228.806 218.577 221.883 220.871 224.143 223.213 226.451 121.655 124.579 0 4 8 12 17.8885 21.5407 20 23.3238 96.3328 112.285 96.0833 112.071 96 112 100.319 100 104.307 104 108.296 108 201.792 209.609 204.9 212.603 208.038 215.629 204.353 210.523 206.959 213.054 141.421 155.641 143.388 157.429 145.437 159.298 144.941 148.862 148.486 152.315 
154.402 158.24 155.589 159.399 89.4427 90.2441 91.214 92.3472 93.6376 184.694 186.762 185.084 185.559 186.118 179.644 182.428 180.488 181.417 213.016 222.423 216.333 225.601 215.295 218.577 217.624 220.871 220 223.213 118.794 121.655 4 0 4 8 16.4924 20.3961 17.8885 21.5407 96.7471 112.641 96.3328 112.285 96.0833 112.071 100.717 100.08 104.69 104.077 108.665 108.074 198.716 206.649 201.792 209.609 204.9 212.603 201.316 207.422 203.961 209.99 139.542 153.935 141.421 155.641 143.388 157.429 143.108 146.86 146.697 150.36 
153.31 157.175 154.402 158.24 88.8144 89.4427 90.2441 91.214 92.3472 180.71 182.822 181.108 181.593 182.165 175.727 178.572 176.59 177.539 209.724 219.272 213.016 222.423 212.038 215.295 214.401 217.624 216.813 220 116 118.794 8 4 0 4 16 20 16.4924 20.3961 97.3242 113.137 96.7471 112.641 96.3328 112.285 101.272 100.319 105.224 104.307 109.179 108.296 195.673 203.725 198.716 206.649 201.792 209.609 198.313 204.353 200.998 206.959 137.753 152.315 139.542 153.935 141.421 155.641 141.365 144.941 144.997 148.486 
152.315 156.205 153.31 157.175 88.3629 88.8144 89.4427 90.2441 91.214 176.726 178.885 177.133 177.629 178.213 171.814 174.723 172.696 173.666 206.456 216.148 209.724 219.272 208.806 212.038 211.206 214.401 213.654 216.813 113.278 116 12 8 4 0 16.4924 20.3961 16 20 98.0612 113.772 97.3242 113.137 96.7471 112.641 101.98 100.717 105.906 104.69 109.836 108.665 192.666 200.838 195.673 203.725 198.716 206.649 195.346 201.316 198.071 203.961 136.059 150.785 137.753 152.315 139.542 153.935 139.714 143.108 143.388 146.697 
137.928 141.76 139.14 142.941 72.9932 73.7564 74.7262 75.8947 77.2528 180 180.71 180.044 180.178 180.4 173.159 174.951 173.666 174.264 200.998 209.724 204.431 213.016 203.096 206.495 205.251 208.614 207.461 210.789 104.995 108.074 17.8885 16.4924 16 16.4924 0 4 4 5.65685 81.5843 97.3242 80.895 96.7471 80.399 96.3328 85.5102 84.3801 89.4427 88.3629 93.3809 92.3472 185.602 193.08 188.807 196.163 192.042 199.279 188.043 194.402 190.536 196.815 123.548 137.753 125.539 139.542 127.624 141.421 127.059 131.027 130.599 134.462 
134.104 137.928 135.351 139.14 69.0507 69.857 70.8802 72.111 73.5391 180.044 180.4 180 180.044 180.178 172.743 174.264 173.159 173.666 198.957 207.461 202.425 210.789 200.998 204.431 203.096 206.495 205.251 208.614 102.45 105.603 21.5407 20.3961 20 20.3961 4 0 5.65685 4 77.666 93.3809 76.9415 92.7793 76.4199 92.3472 81.5843 80.399 85.5102 84.3801 89.4427 88.3629 183.216 190.536 186.462 193.659 189.737 196.815 185.602 192.042 188.043 194.402 120.067 134.164 122.115 136 124.258 137.928 123.548 127.624 127.059 131.027 
136.821 140.684 137.928 141.76 72.4431 72.9932 73.7564 74.7262 75.8947 176 176.726 176.045 176.182 176.409 169.186 171.02 169.706 170.317 197.585 206.456 200.998 209.724 199.72 203.096 201.911 205.251 204.157 207.461 101.98 104.995 20 17.8885 16.4924 16 4 5.65685 0 4 82.4621 98.0612 81.5843 97.3242 80.895 96.7471 86.3481 84.8528 90.2441 88.8144 94.1488 92.7793 182.428 190.032 185.602 193.08 188.807 196.163 184.911 191.207 187.446 193.659 121.655 136.059 123.548 137.753 125.539 139.542 125.22 128.996 128.81 132.484 
132.966 136.821 134.104 137.928 68.469 69.0507 69.857 70.8802 72.111 176.045 176.409 176 176.045 176.182 168.76 170.317 169.186 169.706 195.51 204.157 198.957 207.461 197.585 200.998 199.72 203.096 201.911 205.251 99.3579 102.45 23.3238 21.5407 20.3961 20 5.65685 4 4 0 78.5875 94.1488 77.666 93.3809 76.9415 92.7793 82.4621 80.895 86.3481 84.8528 90.2441 88.8144 180 187.446 183.216 190.536 186.462 193.659 182.428 188.807 184.911 191.207 118.119 132.424 120.067 134.164 122.115 136 121.655 125.539 125.22 128.996 
76.4199 79.196 79.3977 82.0731 29.1204 32.9848 36.8782 40.7922 44.7214 211.698 206.184 210.219 208.806 207.461 197.342 194.031 196.163 195.059 189.526 192.208 193.494 196.122 190.074 194.031 190.704 194.648 191.416 195.346 96.7471 100.717 96.3328 96.7471 97.3242 98.0612 81.5843 77.666 82.4621 78.5875 0 16 4 16.4924 8 17.8885 4 8.94427 8 11.3137 12 14.4222 167.093 169.8 171.02 173.666 174.951 177.539 167.905 175.727 168.808 176.59 80.9938 87.818 84.7585 91.3017 88.5438 94.8262 82.4621 89.8888 84.0952 91.3893 
66.5733 68.8186 69.9714 72.111 36.8782 40 43.2666 46.6476 50.1199 218.248 211.698 216.518 214.849 213.242 202.781 198.595 201.316 199.92 188.17 189.526 192.167 193.494 188.383 192.375 188.68 192.666 189.061 193.039 100 103.846 112.285 112.641 113.137 113.772 97.3242 93.3809 98.0612 94.1488 16 0 16.4924 4 17.8885 8 12 14.4222 8 11.3137 4 8.94427 164.779 166.373 168.76 170.317 172.743 174.264 165.215 173.159 165.747 173.666 76.9415 80.9938 80.895 84.7585 84.8528 88.5438 77.666 85.5102 78.5875 86.3481 
73.5391 76.4199 76.4199 79.196 25.2982 29.1204 32.9848 36.8782 40.7922 208 202.386 206.495 205.056 203.686 193.536 190.158 192.333 191.207 185.559 188.298 189.526 192.208 186.118 190.074 186.762 190.704 187.489 191.416 92.7793 96.7471 96.0833 96.3328 96.7471 97.3242 80.895 76.9415 81.5843 77.666 4 16.4924 0 16 4 16.4924 5.65685 5.65685 8.94427 8.94427 12.6491 12.6491 163.169 165.94 167.093 169.8 171.02 173.666 164 171.814 164.924 172.696 77.2528 84.3801 80.9938 87.818 84.7585 91.3017 78.7909 86.1626 80.4984 87.7268 
63.2456 65.6049 66.5733 68.8186 33.9411 36.8782 40 43.2666 46.6476 214.663 208 212.904 211.206 209.571 199.078 194.813 197.585 196.163 184.174 185.559 188.17 189.526 184.391 188.383 184.694 188.68 185.084 189.061 96.1665 100 112.071 112.285 112.641 113.137 96.7471 92.7793 97.3242 93.3809 16.4924 4 16 0 16.4924 4 12.6491 12.6491 8.94427 8.94427 5.65685 5.65685 160.798 162.432 164.779 166.373 168.76 170.317 161.245 169.186 161.79 169.706 72.9932 77.2528 76.9415 80.9938 80.895 84.7585 73.7564 81.5843 74.7262 82.4621 
70.7672 73.7564 73.5391 76.4199 21.5407 25.2982 29.1204 32.9848 36.8782 204.313 198.595 202.781 201.316 199.92 189.737 186.29 188.51 187.361 181.593 184.391 185.559 188.298 182.165 186.118 182.822 186.762 183.565 187.489 88.8144 92.7793 96 96.0833 96.3328 96.7471 80.399 76.4199 80.895 76.9415 8 17.8885 4 16.4924 0 16 8.94427 4 11.3137 8 14.4222 12 159.248 162.086 163.169 165.94 167.093 169.8 160.1 167.905 161.047 168.808 73.5391 80.9938 77.2528 84.3801 80.9938 87.818 75.1532 82.4621 76.9415 84.0952 
60 62.482 63.2456 65.6049 31.241 33.9411 36.8782 40 43.2666 211.092 204.313 209.304 207.576 205.913 195.387 191.039 193.866 192.416 180.178 181.593 184.174 185.559 180.4 184.391 180.71 184.694 181.108 185.084 92.3472 96.1665 112 112.071 112.285 112.641 96.3328 92.3472 96.7471 92.7793 17.8885 8 16.4924 4 16 0 14.4222 12 11.3137 8 8.94427 4 156.818 158.493 160.798 162.432 164.779 166.373 157.277 165.215 157.835 165.747 69.0507 73.5391 72.9932 77.2528 76.9415 80.9938 69.857 77.666 70.8802 78.5875 
73.7564 76.4199 76.8375 79.3977 30.4631 34.176 37.9473 41.7612 45.607 213.242 207.461 211.698 210.219 208.806 198.595 195.059 197.342 196.163 189.061 191.416 193.039 195.346 189.526 193.494 190.074 194.031 190.704 194.648 97.3242 101.272 100.319 100.717 101.272 101.98 85.5102 81.5843 86.3481 82.4621 4 12 5.65685 12.6491 8.94427 14.4222 0 8 4 8.94427 8 11.3137 166.373 168.808 170.317 172.696 174.264 176.59 167.093 174.951 167.905 175.727 79.6994 85.8836 83.5225 89.4427 87.3613 93.0376 80.9938 88.5438 82.4621 89.8888 
67.8823 70.7672 70.7672 73.5391 23.3238 26.8328 30.4631 34.176 37.9473 205.913 199.92 204.313 202.781 201.316 191.039 187.361 189.737 188.51 181.108 183.565 185.084 187.489 181.593 185.559 182.165 186.118 182.822 186.762 89.4427 93.3809 100 100.08 100.319 100.717 84.3801 80.399 84.8528 80.895 8.94427 14.4222 5.65685 12.6491 4 12 8 0 8.94427 4 11.3137 8 158.493 161.047 162.432 164.924 166.373 168.808 159.248 167.093 160.1 167.905 72.111 78.8923 75.8947 82.365 79.6994 85.8836 73.5391 80.9938 75.1532 82.4621 
71.218 73.7564 74.4043 76.8375 32.249 35.7771 39.3954 43.0813 46.8188 214.849 208.806 213.242 211.698 210.219 199.92 196.163 198.595 197.342 188.68 190.704 192.666 194.648 189.061 193.039 189.526 193.494 190.074 194.031 98.0612 101.98 104.307 104.69 105.224 105.906 89.4427 85.5102 90.2441 86.3481 8 8 8.94427 8.94427 11.3137 11.3137 4 8.94427 0 8 4 8.94427 165.747 167.905 169.706 171.814 173.666 175.727 166.373 174.264 167.093 174.951 78.5875 84.0952 82.4621 87.7268 86.3481 91.3893 79.6994 87.3613 80.9938 88.5438 
65.1153 67.8823 68.1175 70.7672 25.6125 28.8444 32.249 35.7771 39.3954 207.576 201.316 205.913 204.313 202.781 192.416 188.51 191.039 189.737 180.71 182.822 184.694 186.762 181.108 185.084 181.593 185.559 182.165 186.118 90.2441 94.1488 104 104.077 104.307 104.69 88.3629 84.3801 88.8144 84.8528 11.3137 11.3137 8.94427 8.94427 8 8 8.94427 4 8 0 8.94427 4 157.835 160.1 161.79 164 165.747 167.905 158.493 166.373 159.248 167.093 70.8802 76.9415 74.7262 80.4984 78.5875 84.0952 72.111 79.6994 73.5391 80.9938 
68.8186 71.218 72.111 74.4043 34.4093 37.7359 41.1825 44.7214 48.3322 216.518 210.219 214.849 213.242 211.698 201.316 197.342 199.92 198.595 188.383 190.074 192.375 194.031 188.68 192.666 189.061 193.039 189.526 193.494 98.9545 102.84 108.296 108.665 109.179 109.836 93.3809 89.4427 94.1488 90.2441 12 4 12.6491 5.65685 14.4222 8.94427 8 11.3137 4 8.94427 0 8 165.215 167.093 169.186 171.02 173.159 174.951 165.747 173.666 166.373 174.264 77.666 82.4621 81.5843 86.1626 85.5102 89.8888 78.5875 86.3481 79.6994 87.3613 
62.482 65.1153 65.6049 68.1175 28.2843 31.241 34.4093 37.7359 41.1825 209.304 202.781 207.576 205.913 204.313 193.866 189.737 192.416 191.039 180.4 182.165 184.391 186.118 180.71 184.694 181.108 185.084 181.593 185.559 91.214 95.0789 108 108.074 108.296 108.665 92.3472 88.3629 92.7793 88.8144 14.4222 8.94427 12.6491 5.65685 12 4 11.3137 8 8.94427 4 8 0 157.277 159.248 161.245 163.169 165.215 167.093 157.835 165.747 158.493 166.373 69.857 75.1532 73.7564 78.7909 77.666 82.4621 70.8802 78.5875 72.111 79.6994 
109.836 110.635 105.906 106.733 141.76 137.928 134.104 130.292 126.491 116.482 101.193 112.641 108.812 104.995 95.0789 83.5225 91.214 87.3613 25.2982 25.2982 29.1204 29.1204 24.3311 28.2843 24 28 24.3311 28.2843 80.9938 77.666 201.792 198.716 195.673 192.666 185.602 183.216 182.428 180 167.093 164.779 163.169 160.798 159.248 156.818 166.373 158.493 165.747 157.835 165.215 157.277 0 12 4 12.6491 8 14.4222 4 8.94427 8 11.3137 88.0909 88.8144 84.0952 84.8528 80.0999 80.895 88 80 88.0909 80.0999 
108.296 108.665 104.307 104.69 145.602 141.873 138.159 134.462 130.782 128.062 112.641 124.193 120.333 116.482 106.733 95.0789 102.84 98.9545 31.241 24.3311 34.4093 28.2843 28.8444 32.249 26.8328 30.4631 25.2982 29.1204 88.0909 85.0412 209.609 206.649 203.725 200.838 193.08 190.536 190.032 187.446 169.8 166.373 165.94 162.432 162.086 158.493 168.808 161.047 167.905 160.1 167.093 159.248 12 0 12.6491 4 14.4222 8 8 11.3137 4 8.94427 89.4427 88 85.5102 84 81.5843 80 88.8144 80.895 88.3629 80.399 
113.772 114.543 109.836 110.635 145.602 141.76 137.928 134.104 130.292 115.447 100 111.571 107.703 103.846 94.1488 82.4621 90.2441 86.3481 21.5407 21.5407 25.2982 25.2982 20.3961 24.3311 20 24 20.3961 24.3311 84.3801 80.9938 204.9 201.792 198.716 195.673 188.807 186.462 185.602 183.216 171.02 168.76 167.093 164.779 163.169 160.798 170.317 162.432 169.706 161.79 169.186 161.245 4 12.6491 0 12 4 12.6491 5.65685 5.65685 8.94427 8.94427 92.0869 92.7793 88.0909 88.8144 84.0952 84.8528 92 84 92.0869 84.0952 
112.285 112.641 108.296 108.665 149.345 145.602 141.873 138.159 134.462 127.122 111.571 123.223 119.331 115.447 105.906 94.1488 101.98 98.0612 28.2843 20.3961 31.241 24.3311 25.6125 28.8444 23.3238 26.8328 21.5407 25.2982 91.214 88.0909 212.603 209.609 206.649 203.725 196.163 193.659 193.08 190.536 173.666 170.317 169.8 166.373 165.94 162.432 172.696 164.924 171.814 164 171.02 163.169 12.6491 4 12 0 12.6491 4 8.94427 8.94427 5.65685 5.65685 93.3809 92 89.4427 88 85.5102 84 92.7793 84.8528 92.3472 84.3801 
117.712 118.457 113.772 114.543 149.452 145.602 141.76 137.928 134.104 114.543 98.9545 110.635 106.733 102.84 93.3809 81.5843 89.4427 85.5102 17.8885 17.8885 21.5407 21.5407 16.4924 20.3961 16 20 16.4924 20.3961 87.818 84.3801 208.038 204.9 201.792 198.716 192.042 189.737 188.807 186.462 174.951 172.743 171.02 168.76 167.093 164.779 174.264 166.373 173.666 165.747 173.159 165.215 8 14.4222 4 12.6491 0 12 8.94427 4 11.3137 8 96.0833 96.7471 92.0869 92.7793 88.0909 88.8144 96 88 96.0833 88.0909 
116.276 116.619 112.285 112.641 153.101 149.345 145.602 141.873 138.159 126.301 110.635 122.376 118.457 114.543 105.224 93.3809 101.272 97.3242 25.6125 16.4924 28.2843 20.3961 22.6274 25.6125 20 23.3238 17.8885 21.5407 94.4034 91.214 215.629 212.603 209.609 206.649 199.279 196.815 196.163 193.659 177.539 174.264 173.666 170.317 169.8 166.373 176.59 168.808 175.727 167.905 174.951 167.093 14.4222 8 12.6491 4 12 0 11.3137 8 8.94427 4 97.3242 96 93.3809 92 89.4427 88 96.7471 88.8144 96.3328 88.3629 
109.179 109.836 105.224 105.906 142.941 139.14 135.351 131.575 127.812 120.333 104.995 116.482 112.641 108.812 98.9545 87.3613 95.0789 91.214 26.8328 24.3311 30.4631 28.2843 25.2982 29.1204 24.3311 28.2843 24 28 83.2346 80 204.353 201.316 198.313 195.346 188.043 185.602 184.911 182.428 167.905 165.215 164 161.245 160.1 157.277 167.093 159.248 166.373 158.493 165.747 157.835 4 8 5.65685 8.94427 8.94427 11.3137 0 8 4 8.94427 88.3629 88.3629 84.3801 84.3801 80.399 80.399 88.0909 80.0999 88 80 
117.098 117.712 113.137 113.772 150.572 146.751 142.941 139.14 135.351 118.457 102.84 114.543 110.635 106.733 97.3242 85.5102 93.3809 89.4427 20 16.4924 23.3238 20.3961 17.8885 21.5407 16.4924 20.3961 16 20 89.8888 86.5332 210.523 207.422 204.353 201.316 194.402 192.042 191.207 188.807 175.727 173.159 171.814 169.186 167.905 165.215 174.951 167.093 174.264 166.373 173.666 165.747 8.94427 11.3137 5.65685 8.94427 4 8 8 0 8.94427 4 96.3328 96.3328 92.3472 92.3472 88.3629 88.3629 96.0833 88.0909 96 88 
108.665 109.179 104.69 105.224 144.222 140.456 136.704 132.966 129.244 124.193 108.812 120.333 116.482 112.641 102.84 91.214 98.9545 95.0789 28.8444 24 32.249 28 26.8328 30.4631 25.2982 29.1204 24.3311 28.2843 85.6037 82.4621 206.959 203.961 200.998 198.071 190.536 188.043 187.446 184.911 168.808 165.747 164.924 161.79 161.047 157.835 167.905 160.1 167.093 159.248 166.373 158.493 8 4 8.94427 5.65685 11.3137 8.94427 4 8.94427 0 8 88.8144 88.0909 84.8528 84.0952 80.895 80.0999 88.3629 80.399 88.0909 80.0999 
116.619 117.098 112.641 113.137 151.789 148 144.222 140.456 136.704 122.376 106.733 118.457 114.543 110.635 101.272 89.4427 97.3242 93.3809 22.6274 16 25.6125 20 20 23.3238 17.8885 21.5407 16.4924 20.3961 92.0869 88.8144 213.054 209.99 206.959 203.961 196.815 194.402 193.659 191.207 176.59 173.666 172.696 169.706 168.808 165.747 175.727 167.905 174.951 167.093 174.264 166.373 11.3137 8.94427 8.94427 5.65685 8 4 8.94427 4 8 0 96.7471 96.0833 92.7793 92.0869 88.8144 88.0909 96.3328 88.3629 96.0833 88.0909 
31.241 34.4093 28.8444 32.249 60 56.8507 53.8145 50.9117 48.1664 161.443 151.208 158.795 156.205 153.675 142.436 135.351 140 137.637 112.071 112.641 116.069 116.619 112 116 112.071 116.069 112.285 116.276 44.7214 46.6476 141.421 139.542 137.753 136.059 123.548 120.067 121.655 118.119 80.9938 76.9415 77.2528 72.9932 73.5391 69.0507 79.6994 72.111 78.5875 70.8802 77.666 69.857 88.0909 89.4427 92.0869 93.3809 96.0833 97.3242 88.3629 96.3328 88.8144 96.7471 0 16 4 16.4924 8 17.8885 4 8.94427 8 11.3137 
21.5407 23.3238 17.8885 20 70.7672 68.1175 65.6049 63.2456 61.0574 172.557 161.443 169.706 166.901 164.146 152.84 144.941 150.147 147.513 113.772 112.071 117.712 116.069 113.137 117.098 112.641 116.619 112.285 116.276 59.4643 60.9262 155.641 153.935 152.315 150.785 137.753 134.164 136.059 132.424 87.818 80.9938 84.3801 77.2528 80.9938 73.5391 85.8836 78.8923 84.0952 76.9415 82.4621 75.1532 88.8144 88 92.7793 92 96.7471 96 88.3629 96.3328 88.0909 96.0833 16 0 16.4924 4 17.8885 8 12 14.4222 8 11.3137 
33.9411 36.8782 31.241 34.4093 63.2456 60 56.8507 53.8145 50.9117 158.493 148.054 155.795 153.154 150.572 139.313 132.061 136.821 134.402 108.074 108.665 112.071 112.641 108 112 108.074 112.071 108.296 112.285 43.0813 44.7214 143.388 141.421 139.542 137.753 125.539 122.115 123.548 120.067 84.7585 80.895 80.9938 76.9415 77.2528 72.9932 83.5225 75.8947 82.4621 74.7262 81.5843 73.7564 84.0952 85.5102 88.0909 89.4427 92.0869 93.3809 84.3801 92.3472 84.8528 92.7793 4 16.4924 0 16 4 16.4924 5.65685 5.65685 8.94427 8.94427 
25.2982 26.8328 21.5407 23.3238 73.5391 70.7672 68.1175 65.6049 63.2456 169.8 158.493 166.901 164.049 161.245 149.933 141.873 147.187 144.499 109.836 108.074 113.772 112.071 109.179 113.137 108.665 112.641 108.296 112.285 58.2409 59.4643 157.429 155.641 153.935 152.315 139.542 136 137.753 134.164 91.3017 84.7585 87.818 80.9938 84.3801 77.2528 89.4427 82.365 87.7268 80.4984 86.1626 78.7909 84.8528 84 88.8144 88 92.7793 92 84.3801 92.3472 84.0952 92.0869 16.4924 4 16 0 16.4924 4 12.6491 12.6491 8.94427 8.94427 
36.8782 39.598 33.9411 36.8782 66.5733 63.2456 60 56.8507 53.8145 155.589 144.941 152.84 150.147 147.513 136.235 128.81 133.686 131.21 104.077 104.69 108.074 108.665 104 108 104.077 108.074 104.307 108.296 41.7612 43.0813 145.437 143.388 141.421 139.542 127.624 124.258 125.539 122.115 88.5438 84.8528 84.7585 80.895 80.9938 76.9415 87.3613 79.6994 86.3481 78.5875 85.5102 77.666 80.0999 81.5843 84.0952 85.5102 88.0909 89.4427 80.399 88.3629 80.895 88.8144 8 17.8885 4 16.4924 0 16 8.94427 4 11.3137 8 
29.1204 30.4631 25.2982 26.8328 76.4199 73.5391 70.7672 68.1175 65.6049 167.093 155.589 164.146 161.245 158.392 147.078 138.852 144.278 141.534 105.906 104.077 109.836 108.074 105.224 109.179 104.69 108.665 104.307 108.296 57.2713 58.2409 159.298 157.429 155.641 153.935 141.421 137.928 139.542 136 94.8262 88.5438 91.3017 84.7585 87.818 80.9938 93.0376 85.8836 91.3893 84.0952 89.8888 82.4621 80.895 80 84.8528 84 88.8144 88 80.399 88.3629 80.0999 88.0909 17.8885 8 16.4924 4 16 0 14.4222 12 11.3137 8 
28.2843 31.241 25.6125 28.8444 62.482 59.4643 56.5685 53.8145 51.225 164.146 153.675 161.443 158.795 156.205 144.941 137.637 142.436 140 112.285 112.285 116.276 116.276 112.071 116.069 112 116 112.071 116.069 48.3322 50.1199 144.941 143.108 141.365 139.714 127.059 123.548 125.22 121.655 82.4621 77.666 78.7909 73.7564 75.1532 69.857 80.9938 73.5391 79.6994 72.111 78.5875 70.8802 88 88.8144 92 92.7793 96 96.7471 88.0909 96.0833 88.3629 96.3328 4 12 5.65685 12.6491 8.94427 14.4222 0 8 4 8.94427 
34.4093 36.8782 31.241 33.9411 68.8186 65.6049 62.482 59.4643 56.5685 158.392 147.513 155.589 152.84 150.147 138.852 131.21 136.235 133.686 104.307 104.307 108.296 108.296 104.077 108.074 104 108 104.077 108.074 45.607 46.8188 148.862 146.86 144.941 143.108 131.027 127.624 128.996 125.539 89.8888 85.5102 86.1626 81.5843 82.4621 77.666 88.5438 80.9938 87.3613 79.6994 86.3481 78.5875 80 80.895 84 84.8528 88 88.8144 80.0999 88.0909 80.399 88.3629 8.94427 14.4222 5.65685 12.6491 4 12 8 0 8.94427 4 
25.6125 28.2843 22.6274 25.6125 65.1153 62.2254 59.4643 56.8507 54.4059 166.901 156.205 164.146 161.443 158.795 147.513 140 144.941 142.436 112.641 112.071 116.619 116.069 112.285 116.276 112.071 116.069 112 116 52 53.6656 148.486 146.697 144.997 143.388 130.599 127.059 128.81 125.22 84.0952 78.5875 80.4984 74.7262 76.9415 70.8802 82.4621 75.1532 80.9938 73.5391 79.6994 72.111 88.0909 88.3629 92.0869 92.3472 96.0833 96.3328 88 96 88.0909 96.0833 8 8 8.94427 8.94427 11.3137 11.3137 4 8.94427 0 8 
32.249 34.4093 28.8444 31.241 71.218 68.1175 65.1153 62.2254 59.4643 161.245 150.147 158.392 155.589 152.84 141.534 133.686 138.852 136.235 104.69 104.077 108.665 108.074 104.307 108.296 104.077 108.074 104 108 49.4773 50.5964 152.315 150.36 148.486 146.697 134.462 131.027 132.484 128.996 91.3893 86.3481 87.7268 82.4621 84.0952 78.5875 89.8888 82.4621 88.5438 80.9938 87.3613 79.6994 80.0999 80.399 84.0952 84.3801 88.0909 88.3629 80 88 80.0999 88.0909 11.3137 11.3137 8.94427 8.94427 8 8 8.94427 4 8 0 
