0 4 8 12 37.7359 34.176 35.7771 180.887 169.517 182.165 170.88 177.088 178.393 173.297 174.631 173.666 161.443 176.182 164.146 178.751 166.901 181.373 169.706 184.043 172.557 170.552 181.108 167.475 178.213 164.438 175.362 154.506 153.101 151.789 150.572 40.7922 36.8782 32.9848 53.8145 50.9117 56.5685 53.8145 59.4643 56.8507 62.482 60 65.6049 63.2456 96.6644 82.365 98.387 84.3801 93.0376 94.8262 89.4427 91.3017 85.8836 87.818 178.885 171.767 180.71 173.666 182.603 175.636 184.564 177.674 186.59 179.778 175.317 183.172 
4 0 4 8 41.1825 37.9473 39.3954 179.689 168.238 180.887 169.517 175.864 177.088 172.047 173.297 171.207 158.795 173.666 161.443 176.182 164.146 178.751 166.901 181.373 169.706 168.048 178.393 164.924 175.454 161.839 172.557 156 154.506 153.101 151.789 44.7214 40.7922 36.8782 51.225 48.1664 53.8145 50.9117 56.5685 53.8145 59.4643 56.8507 62.482 60 95.0789 80.4984 96.6644 82.365 91.3893 93.0376 87.7268 89.4427 84.0952 85.8836 177.133 169.941 178.885 171.767 180.71 173.666 182.603 175.636 184.564 177.674 173.528 181.108 
8 4 0 4 44.7214 41.7612 43.0813 178.572 167.045 179.689 168.238 174.723 175.864 170.88 172.047 168.808 156.205 171.207 158.795 173.666 161.443 176.182 164.146 178.751 166.901 165.602 175.727 162.432 172.743 159.298 169.8 157.582 156 154.506 153.101 48.6621 44.7214 40.7922 48.8262 45.607 51.225 48.1664 53.8145 50.9117 56.5685 53.8145 59.4643 56.8507 93.6376 78.7909 95.0789 80.4984 89.8888 91.3893 86.1626 87.7268 82.4621 84.0952 175.454 168.19 177.133 169.941 178.885 171.767 180.71 173.666 182.603 175.636 171.814 179.109 
12 8 4 0 48.3322 45.607 46.8188 177.539 165.94 178.572 167.045 173.666 174.723 169.8 170.88 166.469 153.675 168.808 156.205 171.207 158.795 173.666 161.443 176.182 164.146 163.218 173.113 160 170.082 156.818 167.093 159.248 157.582 156 154.506 52.6118 48.6621 44.7214 46.6476 43.2666 48.8262 45.607 51.225 48.1664 53.8145 50.9117 56.5685 53.8145 92.3472 77.2528 93.6376 78.7909 88.5438 89.8888 84.7585 86.1626 80.9938 82.4621 173.851 166.517 175.454 168.19 177.133 169.941 178.885 171.767 180.71 173.666 170.176 177.178 
37.7359 41.1825 44.7214 48.3322 0 8 4 175.636 165.36 177.674 167.523 172.186 174.264 168.76 170.88 181.813 172.047 184.911 175.317 188.043 178.617 191.207 181.945 194.402 185.3 179.287 192.042 176.816 189.737 174.402 187.489 126.301 125.603 125.028 124.579 29.1204 28.2843 28 70.8802 69.857 74.7262 73.7564 78.5875 77.666 82.4621 81.5843 86.3481 85.5102 99.0353 88.8144 101.98 92.0869 96.3328 99.3579 93.723 96.8297 91.214 94.4034 179.287 173.113 181.813 175.727 184.391 178.393 187.019 181.108 189.694 183.87 176.182 186.762 
34.176 37.9473 41.7612 45.607 8 0 4 182.603 172.186 184.564 174.264 179.109 181.108 175.636 177.674 187.019 176.816 190.032 180 193.08 183.216 196.163 186.462 199.279 189.737 184.391 196.815 181.813 194.402 179.287 192.042 134.164 133.507 132.966 132.544 21.5407 20.3961 20 73.5391 72.111 77.2528 75.8947 80.9938 79.6994 84.7585 83.5225 88.5438 87.3613 104.69 93.723 107.48 96.8297 101.823 104.69 99.0353 101.98 96.3328 99.3579 185.602 179.287 188.043 181.813 190.536 184.391 193.08 187.019 195.673 189.694 182.428 192.666 
35.7771 39.3954 43.0813 46.8188 4 4 0 179.109 168.76 181.108 170.88 175.636 177.674 172.186 174.264 184.391 174.402 187.446 177.629 190.536 180.887 193.659 184.174 196.815 187.489 181.813 194.402 179.287 192.042 176.816 189.737 130.231 129.553 128.996 128.561 25.2982 24.3311 24 72.111 70.8802 75.8947 74.7262 79.6994 78.5875 83.5225 82.4621 87.3613 86.3481 101.823 91.214 104.69 94.4034 99.0353 101.98 96.3328 99.3579 93.723 96.8297 182.428 176.182 184.911 178.751 187.446 181.373 190.032 184.043 192.666 186.762 179.287 189.694 
180.887 179.689 178.572 177.539 175.636 182.603 179.109 0 12 4 12.6491 4 5.65685 8 8.94427 63.2456 73.5391 66.5733 76.4199 69.9714 79.3977 73.4302 82.4621 76.9415 85.6037 65.6049 78.8923 68.1175 80.9938 70.7672 83.2346 115.447 111.571 107.703 103.846 204 202.148 200.36 133.507 137.463 132.966 136.938 132.544 136.528 132.242 136.235 132.061 136.059 85.5102 101.272 84.8528 100.717 89.4427 88.8144 93.3809 92.7793 97.3242 96.7471 26.8328 31.241 30.4631 34.4093 34.176 37.7359 37.9473 41.1825 41.7612 44.7214 28.8444 43.0813 
169.517 168.238 167.045 165.94 165.36 172.186 168.76 12 0 12.6491 4 8 8.94427 4 5.65685 57.2713 65.6049 60.9262 68.8186 64.622 72.111 68.352 75.4718 72.111 78.8923 59.0593 73.5391 61.0574 75.1532 63.2456 76.9415 113.137 109.179 105.224 101.272 193.494 191.541 189.652 121.655 125.603 121.062 125.028 120.599 124.579 120.266 124.258 120.067 124.064 73.7564 89.4427 72.9932 88.8144 77.666 76.9415 81.5843 80.895 85.5102 84.8528 24 25.2982 28 29.1204 32 32.9848 36 36.8782 40 40.7922 24.3311 40.1995 
182.165 180.887 179.689 178.572 177.674 184.564 181.108 4 12.6491 0 12 5.65685 4 8.94427 8 60 70.7672 63.2456 73.5391 66.5733 76.4199 69.9714 79.3977 73.4302 82.4621 62.482 75.4718 65.1153 77.666 67.8823 80 119.331 115.447 111.571 107.703 205.913 204 202.148 134.164 138.101 133.507 137.463 132.966 136.938 132.544 136.528 132.242 136.235 86.3481 101.98 85.5102 101.272 90.2441 89.4427 94.1488 93.3809 98.0612 97.3242 23.3238 28.2843 26.8328 31.241 30.4631 34.4093 34.176 37.7359 37.9473 41.1825 25.6125 39.3954 
170.88 169.517 168.238 167.045 167.523 174.264 170.88 12.6491 4 12 0 8.94427 8 5.65685 4 53.6656 62.482 57.2713 65.6049 60.9262 68.8186 64.622 72.111 68.352 75.4718 55.5698 69.857 57.6888 71.5542 60 73.4302 117.098 113.137 109.179 105.224 195.51 193.494 191.541 122.376 126.301 121.655 125.603 121.062 125.028 120.599 124.579 120.266 124.258 74.7262 90.2441 73.7564 89.4427 78.5875 77.666 82.4621 81.5843 86.3481 85.5102 20 21.5407 24 25.2982 28 29.1204 32 32.9848 36 36.8782 20.3961 36.2215 
177.088 175.864 174.723 173.666 172.186 179.109 175.636 4 8 5.65685 8.94427 0 4 4 5.65685 61.0574 70.7672 64.4981 73.7564 68 76.8375 71.5542 80 75.1532 83.2346 63.2456 76.9415 65.6049 78.8923 68.1175 80.9938 114.543 110.635 106.733 102.84 200.479 198.595 196.774 129.553 133.507 128.996 132.966 128.561 132.544 128.25 132.242 128.062 132.061 81.5843 97.3242 80.895 96.7471 85.5102 84.8528 89.4427 88.8144 93.3809 92.7793 25.2982 28.8444 29.1204 32.249 32.9848 35.7771 36.8782 39.3954 40.7922 43.0813 26.8328 41.7612 
178.393 177.088 175.864 174.723 174.264 181.108 177.674 5.65685 8.94427 4 8 4 0 5.65685 4 57.6888 67.8823 61.0574 70.7672 64.4981 73.7564 68 76.8375 71.5542 80 60 73.4302 62.482 75.4718 65.1153 77.666 118.457 114.543 110.635 106.733 202.425 200.479 198.595 130.231 134.164 129.553 133.507 128.996 132.966 128.561 132.544 128.25 132.242 82.4621 98.0612 81.5843 97.3242 86.3481 85.5102 90.2441 89.4427 94.1488 93.3809 21.5407 25.6125 25.2982 28.8444 29.1204 32.249 32.9848 35.7771 36.8782 39.3954 23.3238 37.9473 
173.297 172.047 170.88 169.8 168.76 175.636 172.186 8 4 8.94427 5.65685 4 5.65685 0 4 59.0593 68.1175 62.6099 71.218 66.2118 74.4043 69.857 77.666 73.5391 80.9938 61.0574 75.1532 63.2456 76.9415 65.6049 78.8923 113.772 109.836 105.906 101.98 196.977 195.059 193.205 125.603 129.553 125.028 128.996 124.579 128.561 124.258 128.25 124.064 128.062 77.666 93.3809 76.9415 92.7793 81.5843 80.895 85.5102 84.8528 89.4427 88.8144 24.3311 26.8328 28.2843 30.4631 32.249 34.176 36.2215 37.9473 40.1995 41.7612 25.2982 40.7922 
174.631 173.297 172.047 170.88 170.88 177.674 174.264 8.94427 5.65685 8 4 5.65685 4 4 0 55.5698 65.1153 59.0593 68.1175 62.6099 71.218 66.2118 74.4043 69.857 77.666 57.6888 71.5542 60 73.4302 62.482 75.4718 117.712 113.772 109.836 105.906 198.957 196.977 195.059 126.301 130.231 125.603 129.553 125.028 128.996 124.579 128.561 124.258 128.25 78.5875 94.1488 77.666 93.3809 82.4621 81.5843 86.3481 85.5102 90.2441 89.4427 20.3961 23.3238 24.3311 26.8328 28.2843 30.4631 32.249 34.176 36.2215 37.9473 21.5407 36.8782 
173.666 171.207 168.808 166.469 181.813 187.019 184.391 63.2456 57.2713 60 53.6656 61.0574 57.6888 59.0593 55.5698 0 16 4 16.4924 8 17.8885 12 20 16 22.6274 4 16.4924 8 17.8885 12 20 164.195 160.2 156.205 152.21 206.495 203.647 200.838 120 123.223 117.644 120.93 115.378 118.727 113.208 116.619 111.14 114.612 83.2346 93.3809 80 90.5097 85.6037 82.4621 88.0909 85.0412 90.6863 87.7268 36.8782 32.249 33.9411 28.8444 31.241 25.6125 28.8444 22.6274 26.8328 20 34.4093 23.3238 
161.443 158.795 156.205 153.675 172.047 176.816 174.402 73.5391 65.6049 70.7672 62.482 70.7672 67.8823 68.1175 65.1153 16 0 16.4924 4 17.8885 8 20 12 22.6274 16 12 20 8 17.8885 4 16.4924 165.747 161.79 157.835 153.883 195.673 192.666 189.694 107.629 110.635 104.995 108.074 102.45 105.603 100 103.228 97.6524 100.955 75.1532 83.2346 71.5542 80 76.9415 73.4302 78.8923 75.4718 80.9938 77.666 48.8262 42.5206 46.6476 40 44.7214 37.7359 43.0813 35.7771 41.7612 34.176 45.607 37.9473 
176.182 173.666 171.207 168.808 184.911 190.032 187.446 66.5733 60.9262 63.2456 57.2713 64.4981 61.0574 62.6099 59.0593 4 16.4924 0 16 4 16.4924 8 17.8885 12 20 5.65685 12.6491 8.94427 14.4222 12.6491 16.9706 168.19 164.195 160.2 156.205 209.38 206.495 203.647 122.442 125.603 120 123.223 117.644 120.93 115.378 118.727 113.208 116.619 86.5332 96.3328 83.2346 93.3809 88.8144 85.6037 91.214 88.0909 93.723 90.6863 40 35.7771 36.8782 32.249 33.9411 28.8444 31.241 25.6125 28.8444 22.6274 37.7359 25.6125 
164.146 161.443 158.795 156.205 175.317 180 177.629 76.4199 68.8186 73.5391 65.6049 73.7564 70.7672 71.218 68.1175 16.4924 4 16 0 16.4924 4 17.8885 8 20 12 12.6491 16.9706 8.94427 14.4222 5.65685 12.6491 169.706 165.747 161.79 157.835 198.716 195.673 192.666 110.345 113.278 107.629 110.635 104.995 108.074 102.45 105.603 100 103.228 78.7909 86.5332 75.1532 83.2346 80.4984 76.9415 82.365 78.8923 84.3801 80.9938 51.225 45.2548 48.8262 42.5206 46.6476 40 44.7214 37.7359 43.0813 35.7771 48.1664 39.3954 
178.751 176.182 173.666 171.207 188.043 193.08 190.536 69.9714 64.622 66.5733 60.9262 68 64.4981 66.2118 62.6099 8 17.8885 4 16.4924 0 16 4 16.4924 8 17.8885 8.94427 8.94427 11.3137 11.3137 14.4222 14.4222 172.186 168.19 164.195 160.2 212.302 209.38 206.495 124.964 128.062 122.442 125.603 120 123.223 117.644 120.93 115.378 118.727 89.8888 99.3579 86.5332 96.3328 92.0869 88.8144 94.4034 91.214 96.8297 93.723 43.2666 39.3954 40 35.7771 36.8782 32.249 33.9411 28.8444 31.241 25.6125 41.1825 28.2843 
166.901 164.146 161.443 158.795 178.617 183.216 180.887 79.3977 72.111 76.4199 68.8186 76.8375 73.7564 74.4043 71.218 17.8885 8 16.4924 4 16 0 16.4924 4 17.8885 8 14.4222 14.4222 11.3137 11.3137 8.94427 8.94427 173.666 169.706 165.747 161.79 201.792 198.716 195.673 113.137 116 110.345 113.278 107.629 110.635 104.995 108.074 102.45 105.603 82.4621 89.8888 78.7909 86.5332 84.0952 80.4984 85.8836 82.365 87.818 84.3801 53.8145 48.1664 51.225 45.2548 48.8262 42.5206 46.6476 40 44.7214 37.7359 50.9117 41.1825 
181.373 178.751 176.182 173.666 191.207 196.163 193.659 73.4302 68.352 69.9714 64.622 71.5542 68 69.857 66.2118 12 20 8 17.8885 4 16.4924 0 16 4 16.4924 12.6491 5.65685 14.4222 8.94427 16.9706 12.6491 176.182 172.186 168.19 164.195 215.258 212.302 209.38 127.562 130.599 124.964 128.062 122.442 125.603 120 123.223 117.644 120.93 93.2952 102.45 89.8888 99.3579 95.4149 92.0869 97.6524 94.4034 100 96.8297 46.6476 43.0813 43.2666 39.3954 40 35.7771 36.8782 32.249 33.9411 28.8444 44.7214 31.241 
169.706 166.901 164.146 161.443 181.945 186.462 184.174 82.4621 75.4718 79.3977 72.111 80 76.8375 77.666 74.4043 20 12 17.8885 8 16.4924 4 16 0 16.4924 4 16.9706 12.6491 14.4222 8.94427 12.6491 5.65685 177.629 173.666 169.706 165.747 204.9 201.792 198.716 116 118.794 113.137 116 110.345 113.278 107.629 110.635 104.995 108.074 86.1626 93.2952 82.4621 89.8888 87.7268 84.0952 89.4427 85.8836 91.3017 87.818 56.5685 51.225 53.8145 48.1664 51.225 45.2548 48.8262 42.5206 46.6476 40 53.8145 43.2666 
184.043 181.373 178.751 176.182 194.402 199.279 196.815 76.9415 72.111 73.4302 68.352 75.1532 71.5542 73.5391 69.857 16 22.6274 12 20 8 17.8885 4 16.4924 0 16 16.4924 4 17.8885 8 20 12 180.178 176.182 172.186 168.19 218.248 215.258 212.302 130.231 133.207 127.562 130.599 124.964 128.062 122.442 125.603 120 123.223 96.7471 105.603 93.2952 102.45 98.7927 95.4149 100.955 97.6524 103.228 100 50.1199 46.8188 46.6476 43.0813 43.2666 39.3954 40 35.7771 36.8782 32.249 48.3322 34.4093 
172.557 169.706 166.901 164.146 185.3 189.737 187.489 85.6037 78.8923 82.4621 75.4718 83.2346 80 80.9938 77.666 22.6274 16 20 12 17.8885 8 16.4924 4 16 0 20 12 17.8885 8 16.4924 4 181.593 177.629 173.666 169.706 208.038 204.9 201.792 118.929 121.655 116 118.794 113.137 116 110.345 113.278 107.629 110.635 89.8888 96.7471 86.1626 93.2952 91.3893 87.7268 93.0376 89.4427 94.8262 91.3017 59.4643 54.4059 56.5685 51.225 53.8145 48.1664 51.225 45.2548 48.8262 42.5206 56.8507 45.607 
170.552 168.048 165.602 163.218 179.287 184.391 181.813 65.6049 59.0593 62.482 55.5698 63.2456 60 61.0574 57.6888 4 12 5.65685 12.6491 8.94427 14.4222 12.6491 16.9706 16.4924 20 0 16 4 16.4924 8 17.8885 164.438 160.449 156.461 152.473 203.725 200.838 197.99 116.825 120 114.403 117.644 112.071 115.378 109.836 113.208 107.703 111.14 80.9938 90.6863 77.666 87.7268 83.2346 80 85.6037 82.4621 88.0909 85.0412 39.598 34.4093 36.8782 31.241 34.4093 28.2843 32.249 25.6125 30.4631 23.3238 36.8782 26.8328 
181.108 178.393 175.727 173.113 192.042 196.815 194.402 78.8923 73.5391 75.4718 69.857 76.9415 73.4302 75.1532 71.5542 16.4924 20 12.6491 16.9706 8.94427 14.4222 5.65685 12.6491 4 12 16 0 16.4924 4 17.8885 8 180.4 176.409 172.418 168.428 215.629 212.603 209.609 127.311 130.231 124.579 127.562 121.918 124.964 119.331 122.442 116.825 120 94.8262 103.228 91.3017 100 96.7471 93.2952 98.7927 95.4149 100.955 97.6524 52.1536 48.3322 48.8262 44.7214 45.607 41.1825 42.5206 37.7359 39.598 34.4093 50.1199 36.8782 
167.475 164.924 162.432 160 176.816 181.813 179.287 68.1175 61.0574 65.1153 57.6888 65.6049 62.482 63.2456 60 8 8 8.94427 8.94427 11.3137 11.3137 14.4222 14.4222 17.8885 17.8885 4 16.4924 0 16 4 16.4924 164.779 160.798 156.818 152.84 200.998 198.071 195.182 113.701 116.825 111.212 114.403 108.812 112.071 106.508 109.836 104.307 107.703 78.8923 88.0909 75.4718 85.0412 80.9938 77.666 83.2346 80 85.6037 82.4621 42.5206 36.8782 40 33.9411 37.7359 31.241 35.7771 28.8444 34.176 26.8328 39.598 30.4631 
178.213 175.454 172.743 170.082 189.737 194.402 192.042 80.9938 75.1532 77.666 71.5542 78.8923 75.4718 76.9415 73.4302 17.8885 17.8885 14.4222 14.4222 11.3137 11.3137 8.94427 8.94427 8 8 16.4924 4 16 0 16.4924 4 180.71 176.726 172.743 168.76 213.054 209.99 206.959 124.451 127.311 121.655 124.579 118.929 121.918 116.276 119.331 113.701 116.825 93.0376 100.955 89.4427 97.6524 94.8262 91.3017 96.7471 93.2952 98.7927 95.4149 54.4059 50.1199 51.225 46.6476 48.1664 43.2666 45.2548 40 42.5206 36.8782 52.1536 39.598 
164.438 161.839 159.298 156.818 174.402 179.287 176.816 70.7672 63.2456 67.8823 60 68.1175 65.1153 65.6049 62.482 12 4 12.6491 5.65685 14.4222 8.94427 16.9706 12.6491 20 16.4924 8 17.8885 4 16.4924 0 16 165.215 161.245 157.277 153.31 198.313 195.346 192.416 110.635 113.701 108.074 111.212 105.603 108.812 103.228 106.508 100.955 104.307 76.9415 85.6037 73.4302 82.4621 78.8923 75.4718 80.9938 77.666 83.2346 80 45.607 39.598 43.2666 36.8782 41.1825 34.4093 39.3954 32.249 37.9473 30.4631 42.5206 34.176 
175.362 172.557 169.8 167.093 187.489 192.042 189.737 83.2346 76.9415 80 73.4302 80.9938 77.666 78.8923 75.4718 20 16.4924 16.9706 12.6491 14.4222 8.94427 12.6491 5.65685 12 4 17.8885 8 16.4924 4 16 0 181.108 177.133 173.159 169.186 210.523 207.422 204.353 121.655 124.451 118.794 121.655 116 118.929 113.278 116.276 110.635 113.701 91.3893 98.7927 87.7268 95.4149 93.0376 89.4427 94.8262 91.3017 96.7471 93.2952 56.8507 52.1536 53.8145 48.8262 50.9117 45.607 48.1664 42.5206 45.607 39.598 54.4059 42.5206 
154.506 156 157.582 159.248 126.301 134.164 130.231 115.447 113.137 119.331 117.098 114.543 118.457 113.772 117.712 164.195 165.747 168.19 169.706 172.186 173.666 176.182 177.629 180.178 181.593 164.438 180.4 164.779 180.71 165.215 181.108 0 4 8 12 152.84 153.31 153.883 138.852 141.873 141.534 144.499 144.278 147.187 147.078 149.933 149.933 152.735 111.14 120 114.612 123.223 113.208 116.619 115.378 118.727 117.644 120.93 136.938 136.235 140.911 140.228 144.886 144.222 148.862 148.216 152.84 152.21 136.528 152.473 
153.101 154.506 156 157.582 125.603 133.507 129.553 111.571 109.179 115.447 113.137 110.635 114.543 109.836 113.772 160.2 161.79 164.195 165.747 168.19 169.706 172.186 173.666 176.182 177.629 160.449 176.409 160.798 176.726 161.245 177.133 4 0 4 8 152.473 152.84 153.31 136.235 139.313 138.852 141.873 141.534 144.499 144.278 147.187 147.078 149.933 107.703 116.825 111.14 120 109.836 113.208 112.071 115.378 114.403 117.644 132.966 132.242 136.938 136.235 140.911 140.228 144.886 144.222 148.862 148.216 132.544 148.486 
151.789 153.101 154.506 156 125.028 132.966 128.996 107.703 105.224 111.571 109.179 106.733 110.635 105.906 109.836 156.205 157.835 160.2 161.79 164.195 165.747 168.19 169.706 172.186 173.666 156.461 172.418 156.818 172.743 157.277 173.159 8 4 0 4 152.21 152.473 152.84 133.686 136.821 136.235 139.313 138.852 141.873 141.534 144.499 144.278 147.187 104.307 113.701 107.703 116.825 106.508 109.836 108.812 112.071 111.212 114.403 128.996 128.25 132.966 132.242 136.938 136.235 140.911 140.228 144.886 144.222 128.561 144.499 
150.572 151.789 153.101 154.506 124.579 132.544 128.561 103.846 101.272 107.703 105.224 102.84 106.733 101.98 105.906 152.21 153.883 156.205 157.835 160.2 161.79 164.195 165.747 168.19 169.706 152.473 168.428 152.84 168.76 153.31 169.186 12 8 4 0 152.053 152.21 152.473 131.21 134.402 133.686 136.821 136.235 139.313 138.852 141.873 141.534 144.499 100.955 110.635 104.307 113.701 103.228 106.508 105.603 108.812 108.074 111.212 125.028 124.258 128.996 128.25 132.966 132.242 136.938 136.235 140.911 140.228 124.579 140.513 
40.7922 44.7214 48.6621 52.6118 29.1204 21.5407 25.2982 204 193.494 205.913 195.51 200.479 202.425 196.977 198.957 206.495 195.673 209.38 198.716 212.302 201.792 215.258 204.9 218.248 208.038 203.725 215.629 200.998 213.054 198.313 210.523 152.84 152.473 152.21 152.053 0 4 8 89.8888 87.818 93.2952 91.3017 96.7471 94.8262 100.24 98.387 103.769 101.98 124.964 113.137 127.562 116 121.918 124.579 118.929 121.655 116 118.794 206.456 200 208.806 202.425 211.206 204.9 213.654 207.422 216.148 209.99 203.214 213.054 
36.8782 40.7922 44.7214 48.6621 28.2843 20.3961 24.3311 202.148 191.541 204 193.494 198.595 200.479 195.059 196.977 203.647 192.666 206.495 195.673 209.38 198.716 212.302 201.792 215.258 204.9 200.838 212.603 198.071 209.99 195.346 207.422 153.31 152.84 152.473 152.21 4 0 4 86.5332 84.3801 89.8888 87.818 93.2952 91.3017 96.7471 94.8262 100.24 98.387 122.442 110.345 124.964 113.137 119.331 121.918 116.276 118.929 113.278 116 204.157 197.626 206.456 200 208.806 202.425 211.206 204.9 213.654 207.422 200.878 210.523 
32.9848 36.8782 40.7922 44.7214 28 20 24 200.36 189.652 202.148 191.541 196.774 198.595 193.205 195.059 200.838 189.694 203.647 192.666 206.495 195.673 209.38 198.716 212.302 201.792 197.99 209.609 195.182 206.959 192.416 204.353 153.883 153.31 152.84 152.473 8 4 0 83.2346 80.9938 86.5332 84.3801 89.8888 87.818 93.2952 91.3017 96.7471 94.8262 120 107.629 122.442 110.345 116.825 119.331 113.701 116.276 110.635 113.278 201.911 195.305 204.157 197.626 206.456 200 208.806 202.425 211.206 204.9 198.595 208.038 
53.8145 51.225 48.8262 46.6476 70.8802 73.5391 72.111 133.507 121.655 134.164 122.376 129.553 130.231 125.603 126.301 120 107.629 122.442 110.345 124.964 113.137 127.562 116 130.231 118.929 116.825 127.311 113.701 124.451 110.635 121.655 138.852 136.235 133.686 131.21 89.8888 86.5332 83.2346 0 4 4 5.65685 8 8.94427 12 12.6491 16 16.4924 48.1664 32.249 48.6621 32.9848 44.1814 44.7214 40.1995 40.7922 36.2215 36.8782 127.812 120.333 129.244 121.852 130.782 123.483 132.424 125.22 134.164 127.059 124.064 130.599 
50.9117 48.1664 45.607 43.2666 69.857 72.111 70.8802 137.463 125.603 138.101 126.301 133.507 134.164 129.553 130.231 123.223 110.635 125.603 113.278 128.062 116 130.599 118.794 133.207 121.655 120 130.231 116.825 127.311 113.701 124.451 141.873 139.313 136.821 134.402 87.818 84.3801 80.9938 4 0 5.65685 4 8.94427 8 12.6491 12 16.4924 16 52.1536 36.2215 52.6118 36.8782 48.1664 48.6621 44.1814 44.7214 40.1995 40.7922 131.575 124.064 132.966 125.539 134.462 127.122 136.059 128.81 137.753 130.599 127.812 134.164 
56.5685 53.8145 51.225 48.8262 74.7262 77.2528 75.8947 132.966 121.062 133.507 121.655 128.996 129.553 125.028 125.603 117.644 104.995 120 107.629 122.442 110.345 124.964 113.137 127.562 116 114.403 124.579 111.212 121.655 108.074 118.794 141.534 138.852 136.235 133.686 93.2952 89.8888 86.5332 4 5.65685 0 4 4 5.65685 8 8.94427 12 12.6491 48 32 48.1664 32.249 44 44.1814 40 40.1995 36 36.2215 126.491 118.929 127.812 120.333 129.244 121.852 130.782 123.483 132.424 125.22 122.703 128.81 
53.8145 50.9117 48.1664 45.607 73.7564 75.8947 74.7262 136.938 125.028 137.463 125.603 132.966 133.507 128.996 129.553 120.93 108.074 123.223 110.635 125.603 113.278 128.062 116 130.599 118.794 117.644 127.562 114.403 124.579 111.212 121.655 144.499 141.873 139.313 136.821 91.3017 87.818 84.3801 5.65685 4 4 0 5.65685 4 8.94427 8 12.6491 12 52 36 52.1536 36.2215 48 48.1664 44 44.1814 40 40.1995 130.292 122.703 131.575 124.064 132.966 125.539 134.462 127.122 136.059 128.81 126.491 132.424 
59.4643 56.5685 53.8145 51.225 78.5875 80.9938 79.6994 132.544 120.599 132.966 121.062 128.561 128.996 124.579 125.028 115.378 102.45 117.644 104.995 120 107.629 122.442 110.345 124.964 113.137 112.071 121.918 108.812 118.929 105.603 116 144.278 141.534 138.852 136.235 96.7471 93.2952 89.8888 8 8.94427 4 5.65685 0 4 4 5.65685 8 8.94427 48.1664 32.249 48 32 44.1814 44 40.1995 40 36.2215 36 125.284 117.644 126.491 118.929 127.812 120.333 129.244 121.852 130.782 123.483 121.458 127.122 
56.8507 53.8145 50.9117 48.1664 77.666 79.6994 78.5875 136.528 124.579 136.938 125.028 132.544 132.966 128.561 128.996 118.727 105.603 120.93 108.074 123.223 110.635 125.603 113.278 128.062 116 115.378 124.964 112.071 121.918 108.812 118.929 147.187 144.499 141.873 139.313 94.8262 91.3017 87.818 8.94427 8 5.65685 4 4 0 5.65685 4 8.94427 8 52.1536 36.2215 52 36 48.1664 48 44.1814 44 40.1995 40 129.12 121.458 130.292 122.703 131.575 124.064 132.966 125.539 134.462 127.122 125.284 130.782 
62.482 59.4643 56.5685 53.8145 82.4621 84.7585 83.5225 132.242 120.266 132.544 120.599 128.25 128.561 124.258 124.579 113.208 100 115.378 102.45 117.644 104.995 120 107.629 122.442 110.345 109.836 119.331 106.508 116.276 103.228 113.278 147.078 144.278 141.534 138.852 100.24 96.7471 93.2952 12 12.6491 8 8.94427 4 5.65685 0 4 4 5.65685 48.6621 32.9848 48.1664 32.249 44.7214 44.1814 40.7922 40.1995 36.8782 36.2215 124.193 116.482 125.284 117.644 126.491 118.929 127.812 120.333 129.244 121.852 120.333 125.539 
60 56.8507 53.8145 50.9117 81.5843 83.5225 82.4621 136.235 124.258 136.528 124.579 132.242 132.544 128.25 128.561 116.619 103.228 118.727 105.603 120.93 108.074 123.223 110.635 125.603 113.278 113.208 122.442 109.836 119.331 106.508 116.276 149.933 147.187 144.499 141.873 98.387 94.8262 91.3017 12.6491 12 8.94427 8 5.65685 4 4 0 5.65685 4 52.6118 36.8782 52.1536 36.2215 48.6621 48.1664 44.7214 44.1814 40.7922 40.1995 128.062 120.333 129.12 121.458 130.292 122.703 131.575 124.064 132.966 125.539 124.193 129.244 
65.6049 62.482 59.4643 56.5685 86.3481 88.5438 87.3613 132.061 120.067 132.242 120.266 128.062 128.25 124.064 124.258 111.14 97.6524 113.208 100 115.378 102.45 117.644 104.995 120 107.629 107.703 116.825 104.307 113.701 100.955 110.635 149.933 147.078 144.278 141.534 103.769 100.24 96.7471 16 16.4924 12 12.6491 8 8.94427 4 5.65685 0 4 49.4773 34.176 48.6621 32.9848 45.607 44.7214 41.7612 40.7922 37.9473 36.8782 123.223 115.447 124.193 116.482 125.284 117.644 126.491 118.929 127.812 120.333 119.331 124.064 
63.2456 60 56.8507 53.8145 85.5102 87.3613 86.3481 136.059 124.064 136.235 124.258 132.061 132.242 128.062 128.25 114.612 100.955 116.619 103.228 118.727 105.603 120.93 108.074 123.223 110.635 111.14 120 107.703 116.825 104.307 113.701 152.735 149.933 147.187 144.499 101.98 98.387 94.8262 16.4924 16 12.6491 12 8.94427 8 5.65685 4 4 0 53.3667 37.9473 52.6118 36.8782 49.4773 48.6621 45.607 44.7214 41.7612 40.7922 127.122 119.331 128.062 120.333 129.12 121.458 130.292 122.703 131.575 124.064 123.223 127.812 
96.6644 95.0789 93.6376 92.3472 99.0353 104.69 101.823 85.5102 73.7564 86.3481 74.7262 81.5843 82.4621 77.666 78.5875 83.2346 75.1532 86.5332 78.7909 89.8888 82.4621 93.2952 86.1626 96.7471 89.8888 80.9938 94.8262 78.8923 93.0376 76.9415 91.3893 111.14 107.703 104.307 100.955 124.964 122.442 120 48.1664 52.1536 48 52 48.1664 52.1536 48.6621 52.6118 49.4773 53.3667 0 16 4 16.4924 4 5.65685 8 8.94427 12 12.6491 82.365 75.4718 84.3801 77.666 86.5332 80 88.8144 82.4621 91.214 85.0412 78.8923 88.0909 
82.365 80.4984 78.7909 77.2528 88.8144 93.723 91.214 101.272 89.4427 101.98 90.2441 97.3242 98.0612 93.3809 94.1488 93.3809 83.2346 96.3328 86.5332 99.3579 89.8888 102.45 93.2952 105.603 96.7471 90.6863 103.228 88.0909 100.955 85.6037 98.7927 120 116.825 113.701 110.635 113.137 110.345 107.629 32.249 36.2215 32 36 32.249 36.2215 32.9848 36.8782 34.176 37.9473 16 0 16.4924 4 12 12.6491 8 8.94427 4 5.65685 96.6644 89.4427 98.387 91.3017 100.24 93.2952 102.215 95.4149 104.307 97.6524 93.0376 100.955 
98.387 96.6644 95.0789 93.6376 101.98 107.48 104.69 84.8528 72.9932 85.5102 73.7564 80.895 81.5843 76.9415 77.666 80 71.5542 83.2346 75.1532 86.5332 78.7909 89.8888 82.4621 93.2952 86.1626 77.666 91.3017 75.4718 89.4427 73.4302 87.7268 114.612 111.14 107.703 104.307 127.562 124.964 122.442 48.6621 52.6118 48.1664 52.1536 48 52 48.1664 52.1536 48.6621 52.6118 4 16.4924 0 16 5.65685 4 8.94427 8 12.6491 12 80.4984 73.4302 82.365 75.4718 84.3801 77.666 86.5332 80 88.8144 82.4621 76.9415 85.6037 
84.3801 82.365 80.4984 78.7909 92.0869 96.8297 94.4034 100.717 88.8144 101.272 89.4427 96.7471 97.3242 92.7793 93.3809 90.5097 80 93.3809 83.2346 96.3328 86.5332 99.3579 89.8888 102.45 93.2952 87.7268 100 85.0412 97.6524 82.4621 95.4149 123.223 120 116.825 113.701 116 113.137 110.345 32.9848 36.8782 32.249 36.2215 32 36 32.249 36.2215 32.9848 36.8782 16.4924 4 16 0 12.6491 12 8.94427 8 5.65685 4 95.0789 87.7268 96.6644 89.4427 98.387 91.3017 100.24 93.2952 102.215 95.4149 91.3893 98.7927 
93.0376 91.3893 89.8888 88.5438 96.3328 101.823 99.0353 89.4427 77.666 90.2441 78.5875 85.5102 86.3481 81.5843 82.4621 85.6037 76.9415 88.8144 80.4984 92.0869 84.0952 95.4149 87.7268 98.7927 91.3893 83.2346 96.7471 80.9938 94.8262 78.8923 93.0376 113.208 109.836 106.508 103.228 121.918 119.331 116.825 44.1814 48.1664 44 48 44.1814 48.1664 44.7214 48.6621 45.607 49.4773 4 12 5.65685 12.6491 0 4 4 5.65685 8 8.94427 85.8836 78.8923 87.818 80.9938 89.8888 83.2346 92.0869 85.6037 94.4034 88.0909 82.365 91.214 
94.8262 93.0376 91.3893 89.8888 99.3579 104.69 101.98 88.8144 76.9415 89.4427 77.666 84.8528 85.5102 80.895 81.5843 82.4621 73.4302 85.6037 76.9415 88.8144 80.4984 92.0869 84.0952 95.4149 87.7268 80 93.2952 77.666 91.3017 75.4718 89.4427 116.619 113.208 109.836 106.508 124.579 121.918 119.331 44.7214 48.6621 44.1814 48.1664 44 48 44.1814 48.1664 44.7214 48.6621 5.65685 12.6491 4 12 4 0 5.65685 4 8.94427 8 84.0952 76.9415 85.8836 78.8923 87.818 80.9938 89.8888 83.2346 92.0869 85.6037 80.4984 88.8144 
89.4427 87.7268 86.1626 84.7585 93.723 99.0353 96.3328 93.3809 81.5843 94.1488 82.4621 89.4427 90.2441 85.5102 86.3481 88.0909 78.8923 91.214 82.365 94.4034 85.8836 97.6524 89.4427 100.955 93.0376 85.6037 98.7927 83.2346 96.7471 80.9938 94.8262 115.378 112.071 108.812 105.603 118.929 116.276 113.701 40.1995 44.1814 40 44 40.1995 44.1814 40.7922 44.7214 41.7612 45.607 8 8 8.94427 8.94427 4 5.65685 0 4 4 5.65685 89.4427 82.365 91.3017 84.3801 93.2952 86.5332 95.4149 88.8144 97.6524 91.214 85.8836 94.4034 
91.3017 89.4427 87.7268 86.1626 96.8297 101.98 99.3579 92.7793 80.895 93.3809 81.5843 88.8144 89.4427 84.8528 85.5102 85.0412 75.4718 88.0909 78.8923 91.214 82.365 94.4034 85.8836 97.6524 89.4427 82.4621 95.4149 80 93.2952 77.666 91.3017 118.727 115.378 112.071 108.812 121.655 118.929 116.276 40.7922 44.7214 40.1995 44.1814 40 44 40.1995 44.1814 40.7922 44.7214 8.94427 8.94427 8 8 5.65685 4 4 0 5.65685 4 87.7268 80.4984 89.4427 82.365 91.3017 84.3801 93.2952 86.5332 95.4149 88.8144 84.0952 92.0869 
85.8836 84.0952 82.4621 80.9938 91.214 96.3328 93.723 97.3242 85.5102 98.0612 86.3481 93.3809 94.1488 89.4427 90.2441 90.6863 80.9938 93.723 84.3801 96.8297 87.818 100 91.3017 103.228 94.8262 88.0909 100.955 85.6037 98.7927 83.2346 96.7471 117.644 114.403 111.212 108.074 116 113.278 110.635 36.2215 40.1995 36 40 36.2215 40.1995 36.8782 40.7922 37.9473 41.7612 12 4 12.6491 5.65685 8 8.94427 4 5.65685 0 4 93.0376 85.8836 94.8262 87.818 96.7471 89.8888 98.7927 92.0869 100.955 94.4034 89.4427 97.6524 
87.818 85.8836 84.0952 82.4621 94.4034 99.3579 96.8297 96.7471 84.8528 97.3242 85.5102 92.7793 93.3809 88.8144 89.4427 87.7268 77.666 90.6863 80.9938 93.723 84.3801 96.8297 87.818 100 91.3017 85.0412 97.6524 82.4621 95.4149 80 93.2952 120.93 117.644 114.403 111.212 118.794 116 113.278 36.8782 40.7922 36.2215 40.1995 36 40 36.2215 40.1995 36.8782 40.7922 12.6491 5.65685 12 4 8.94427 8 5.65685 4 4 0 91.3893 84.0952 93.0376 85.8836 94.8262 87.818 96.7471 89.8888 98.7927 92.0869 87.7268 95.4149 
178.885 177.133 175.454 173.851 179.287 185.602 182.428 26.8328 24 23.3238 20 25.2982 21.5407 24.3311 20.3961 36.8782 48.8262 40 51.225 43.2666 53.8145 46.6476 56.5685 50.1199 59.4643 39.598 52.1536 42.5206 54.4059 45.607 56.8507 136.938 132.966 128.996 125.028 206.456 204.157 201.911 127.812 131.575 126.491 130.292 125.284 129.12 124.193 128.062 123.223 127.122 82.365 96.6644 80.4984 95.0789 85.8836 84.0952 89.4427 87.7268 93.0376 91.3893 0 8 4 8.94427 8 11.3137 12 14.4222 16 17.8885 4 16.4924 
171.767 169.941 168.19 166.517 173.113 179.287 176.182 31.241 25.2982 28.2843 21.5407 28.8444 25.6125 26.8328 23.3238 32.249 42.5206 35.7771 45.2548 39.3954 48.1664 43.0813 51.225 46.8188 54.4059 34.4093 48.3322 36.8782 50.1199 39.598 52.1536 136.235 132.242 128.25 124.258 200 197.626 195.305 120.333 124.064 118.929 122.703 117.644 121.458 116.482 120.333 115.447 119.331 75.4718 89.4427 73.4302 87.7268 78.8923 76.9415 82.365 80.4984 85.8836 84.0952 8 0 8.94427 4 11.3137 8 14.4222 12 17.8885 16 4 16.4924 
180.71 178.885 177.133 175.454 181.813 188.043 184.911 30.4631 28 26.8328 24 29.1204 25.2982 28.2843 24.3311 33.9411 46.6476 36.8782 48.8262 40 51.225 43.2666 53.8145 46.6476 56.5685 36.8782 48.8262 40 51.225 43.2666 53.8145 140.911 136.938 132.966 128.996 208.806 206.456 204.157 129.244 132.966 127.812 131.575 126.491 130.292 125.284 129.12 124.193 128.062 84.3801 98.387 82.365 96.6644 87.818 85.8836 91.3017 89.4427 94.8262 93.0376 4 8.94427 0 8 4 8.94427 8 11.3137 12 14.4222 5.65685 12.6491 
173.666 171.767 169.941 168.19 175.727 181.813 178.751 34.4093 29.1204 31.241 25.2982 32.249 28.8444 30.4631 26.8328 28.8444 40 32.249 42.5206 35.7771 45.2548 39.3954 48.1664 43.0813 51.225 31.241 44.7214 33.9411 46.6476 36.8782 48.8262 140.228 136.235 132.242 128.25 202.425 200 197.626 121.852 125.539 120.333 124.064 118.929 122.703 117.644 121.458 116.482 120.333 77.666 91.3017 75.4718 89.4427 80.9938 78.8923 84.3801 82.365 87.818 85.8836 8.94427 4 8 0 8.94427 4 11.3137 8 14.4222 12 5.65685 12.6491 
182.603 180.71 178.885 177.133 184.391 190.536 187.446 34.176 32 30.4631 28 32.9848 29.1204 32.249 28.2843 31.241 44.7214 33.9411 46.6476 36.8782 48.8262 40 51.225 43.2666 53.8145 34.4093 45.607 37.7359 48.1664 41.1825 50.9117 144.886 140.911 136.938 132.966 211.206 208.806 206.456 130.782 134.462 129.244 132.966 127.812 131.575 126.491 130.292 125.284 129.12 86.5332 100.24 84.3801 98.387 89.8888 87.818 93.2952 91.3017 96.7471 94.8262 8 11.3137 4 8.94427 0 8 4 8.94427 8 11.3137 8.94427 8.94427 
175.636 173.666 171.767 169.941 178.393 184.391 181.373 37.7359 32.9848 34.4093 29.1204 35.7771 32.249 34.176 30.4631 25.6125 37.7359 28.8444 40 32.249 42.5206 35.7771 45.2548 39.3954 48.1664 28.2843 41.1825 31.241 43.2666 34.4093 45.607 144.222 140.228 136.235 132.242 204.9 202.425 200 123.483 127.122 121.852 125.539 120.333 124.064 118.929 122.703 117.644 121.458 80 93.2952 77.666 91.3017 83.2346 80.9938 86.5332 84.3801 89.8888 87.818 11.3137 8 8.94427 4 8 0 8.94427 4 11.3137 8 8.94427 8.94427 
184.564 182.603 180.71 178.885 187.019 193.08 190.032 37.9473 36 34.176 32 36.8782 32.9848 36.2215 32.249 28.8444 43.0813 31.241 44.7214 33.9411 46.6476 36.8782 48.8262 40 51.225 32.249 42.5206 35.7771 45.2548 39.3954 48.1664 148.862 144.886 140.911 136.938 213.654 211.206 208.806 132.424 136.059 130.782 134.462 129.244 132.966 127.812 131.575 126.491 130.292 88.8144 102.215 86.5332 100.24 92.0869 89.8888 95.4149 93.2952 98.7927 96.7471 12 14.4222 8 11.3137 4 8.94427 0 8 4 8.94427 12.6491 5.65685 
177.674 175.636 173.666 171.767 181.108 187.019 184.043 41.1825 36.8782 37.7359 32.9848 39.3954 35.7771 37.9473 34.176 22.6274 35.7771 25.6125 37.7359 28.8444 40 32.249 42.5206 35.7771 45.2548 25.6125 37.7359 28.8444 40 32.249 42.5206 148.216 144.222 140.228 136.235 207.422 204.9 202.425 125.22 128.81 123.483 127.122 121.852 125.539 120.333 124.064 118.929 122.703 82.4621 95.4149 80 93.2952 85.6037 83.2346 88.8144 86.5332 92.0869 89.8888 14.4222 12 11.3137 8 8.94427 4 8 0 8.94427 4 12.6491 5.65685 
186.59 184.564 182.603 180.71 189.694 195.673 192.666 41.7612 40 37.9473 36 40.7922 36.8782 40.1995 36.2215 26.8328 41.7612 28.8444 43.0813 31.241 44.7214 33.9411 46.6476 36.8782 48.8262 30.4631 39.598 34.176 42.5206 37.9473 45.607 152.84 148.862 144.886 140.911 216.148 213.654 211.206 134.164 137.753 132.424 136.059 130.782 134.462 129.244 132.966 127.812 131.575 91.214 104.307 88.8144 102.215 94.4034 92.0869 97.6524 95.4149 100.955 98.7927 16 17.8885 12 14.4222 8 11.3137 4 8.94427 0 8 16.4924 4 
179.778 177.674 175.636 173.666 183.87 189.694 186.762 44.7214 40.7922 41.1825 36.8782 43.0813 39.3954 41.7612 37.9473 20 34.176 22.6274 35.7771 25.6125 37.7359 28.8444 40 32.249 42.5206 23.3238 34.4093 26.8328 36.8782 30.4631 39.598 152.21 148.216 144.222 140.228 209.99 207.422 204.9 127.059 130.599 125.22 128.81 123.483 127.122 121.852 125.539 120.333 124.064 85.0412 97.6524 82.4621 95.4149 88.0909 85.6037 91.214 88.8144 94.4034 92.0869 17.8885 16 14.4222 12 11.3137 8 8.94427 4 8 0 16.4924 4 
175.317 173.528 171.814 170.176 176.182 182.428 179.287 28.8444 24.3311 25.6125 20.3961 26.8328 23.3238 25.2982 21.5407 34.4093 45.607 37.7359 48.1664 41.1825 50.9117 44.7214 53.8145 48.3322 56.8507 36.8782 50.1199 39.598 52.1536 42.5206 54.4059 136.528 132.544 128.561 124.579 203.214 200.878 198.595 124.064 127.812 122.703 126.491 121.458 125.284 120.333 124.193 119.331 123.223 78.8923 93.0376 76.9415 91.3893 82.365 80.4984 85.8836 84.0952 89.4427 87.7268 4 4 5.65685 5.65685 8.94427 8.94427 12.6491 12.6491 16.4924 16.4924 0 16 
183.172 181.108 179.109 177.178 186.762 192.666 189.694 43.0813 40.1995 39.3954 36.2215 41.7612 37.9473 40.7922 36.8782 23.3238 37.9473 25.6125 39.3954 28.2843 41.1825 31.241 43.2666 34.4093 45.607 26.8328 36.8782 30.4631 39.598 34.176 42.5206 152.473 148.486 144.499 140.513 213.054 210.523 208.038 130.599 134.164 128.81 132.424 127.122 130.782 125.539 129.244 124.064 127.812 88.0909 100.955 85.6037 98.7927 91.214 88.8144 94.4034 92.0869 97.6524 95.4149 16.4924 16.4924 12.6491 12.6491 8.94427 8.94427 5.65685 5.65685 4 4 16 0 
