0 4 60 52 56 141.421 140.228 140.911 140.513 118.186 112.641 116.619 115.169 113.842 142.042 134.164 141.421 133.507 140.911 132.966 140.513 132.544 140.228 132.242 138.101 136.235 240.433 237.655 237.588 234.776 234.776 231.931 232 229.12 190.032 179.778 188.043 177.674 186.59 184.564 183.172 181.108 175.727 173.159 174.951 174.264 173.666 97.3242 96 93.3809 92 89.4427 88 96.7471 88.8144 96.3328 88.3629 96.0833 88.0909 187.446 184.391 184.911 181.813 82.4621 70.7672 80 67.8823 77.666 65.1153 79.3977 
4 0 64 56 60 142.042 140.513 141.421 140.911 119.867 113.842 118.186 116.619 115.169 145.986 138.101 145.382 137.463 144.886 136.938 144.499 136.528 144.222 136.235 142.042 140.228 243.245 240.433 240.433 237.588 237.655 234.776 234.913 232 193.494 183.172 191.541 181.108 190.032 188.043 186.59 184.564 176.59 173.666 175.727 174.951 174.264 98.0612 96.0833 94.1488 92.0869 90.2441 88.0909 97.3242 89.4427 96.7471 88.8144 96.3328 88.3629 190.536 187.446 188.043 184.911 85.6037 73.5391 83.2346 70.7672 80.9938 68.1175 82.4621 
60 64 0 8 4 145.602 149.345 146.751 148 108.665 111.571 109.179 109.836 110.635 83.5225 75.8947 82.4621 74.7262 81.5843 73.7564 80.895 72.9932 80.399 72.4431 79.6994 76.4199 203.096 200.998 199.72 197.585 196.367 194.196 193.039 190.83 141.534 132.966 138.852 130.108 138.622 135.882 135.765 132.966 173.666 176.59 174.264 174.951 175.727 105.603 113.208 101.98 109.836 98.387 106.508 107.331 100.24 109.179 102.215 111.14 104.307 146.479 144.222 143.22 140.911 52.1536 53.3667 48.1664 49.4773 44.1814 45.607 52 
52 56 8 0 4 143.611 146.751 144.554 145.602 108.074 109.836 108.296 108.665 109.179 91.214 83.5225 90.2441 82.4621 89.4427 81.5843 88.8144 80.895 88.3629 80.399 87.3613 84.3801 207.461 205.251 204.157 201.911 200.878 198.595 197.626 195.305 147.513 138.622 144.941 135.882 144.499 141.873 141.534 138.852 172.743 174.951 173.159 173.666 174.264 102.528 109.179 98.7927 105.679 95.0789 102.215 104 96.6644 105.603 98.387 107.331 100.24 151.208 148.809 148.054 145.602 53.3667 52.1536 49.4773 48.1664 45.607 44.1814 52.6118 
56 60 4 4 0 144.554 148 145.602 146.751 108.296 110.635 108.665 109.179 109.836 87.3613 79.6994 86.3481 78.5875 85.5102 77.666 84.8528 76.9415 84.3801 76.4199 83.5225 80.399 205.251 203.096 201.911 199.72 198.595 196.367 195.305 193.039 144.499 135.765 141.873 132.966 141.534 138.852 138.622 135.882 173.159 175.727 173.666 174.264 174.951 104 111.14 100.319 107.703 96.6644 104.307 105.603 98.387 107.331 100.24 109.179 102.215 148.809 146.479 145.602 143.22 52.6118 52.6118 48.6621 48.6621 44.7214 44.7214 52.1536 
141.421 142.042 145.602 143.611 144.554 0 12 4 8 42.5206 34.176 40 37.7359 35.7771 166.901 161.245 169.706 164.146 172.557 167.093 175.454 170.082 178.393 173.113 164.049 175.727 151.42 147.513 150.625 146.697 149.933 145.986 149.345 145.382 150.572 139.14 151.789 140.456 146.751 148 142.941 144.222 35.7771 32 34.176 32.9848 32.249 44.1814 48.3322 48.1664 52 52.1536 55.7136 44.7214 52.6118 45.607 53.3667 46.8188 54.4059 125.603 121.655 126.301 122.376 98.387 92.3472 101.98 96.1665 105.603 100 96.6644 
140.228 140.513 149.345 146.751 148 12 0 8 4 51.225 40 48.1664 45.2548 42.5206 175.727 169.8 178.393 172.557 181.108 175.362 183.87 178.213 186.676 181.108 172.743 183.87 163.169 159.248 162.432 158.493 161.79 157.835 161.245 157.277 162.086 150.572 163.218 151.789 158.24 159.399 154.402 155.589 42.5206 34.176 40 37.7359 35.7771 44.7214 44.7214 48.6621 48.6621 52.6118 52.6118 44.1814 52.1536 44 52 44.1814 52.1536 137.463 133.507 138.101 134.164 104.307 96.6644 107.703 100.319 111.14 104 102.215 
140.911 141.421 146.751 144.554 145.602 4 8 0 4 45.2548 35.7771 42.5206 40 37.7359 169.8 164.049 172.557 166.901 175.362 169.8 178.213 172.743 181.108 175.727 166.901 178.393 155.332 151.42 154.557 150.625 153.883 149.933 153.31 149.345 154.402 142.941 155.589 144.222 150.572 151.789 146.751 148 37.7359 32.249 35.7771 34.176 32.9848 44 46.8188 48 50.5964 52 54.4059 44.1814 52.1536 44.7214 52.6118 45.607 53.3667 129.553 125.603 130.231 126.301 100.24 93.6376 103.769 97.4064 107.331 101.193 98.387 
140.513 140.911 148 145.602 146.751 8 4 4 0 48.1664 37.7359 45.2548 42.5206 40 172.743 166.901 175.454 169.706 178.213 172.557 181.019 175.454 183.87 178.393 169.8 181.108 159.248 155.332 158.493 154.557 157.835 153.883 157.277 153.31 158.24 146.751 159.399 148 154.402 155.589 150.572 151.789 40 32.9848 37.7359 35.7771 34.176 44.1814 45.607 48.1664 49.4773 52.1536 53.3667 44 52 44.1814 52.1536 44.7214 52.6118 133.507 129.553 134.164 130.231 102.215 95.0789 105.679 98.7927 109.179 102.528 100.24 
118.186 119.867 108.665 108.074 108.296 42.5206 51.225 45.2548 48.1664 0 16 4 8 12 124.579 118.794 127.311 121.655 130.108 124.579 132.966 127.562 135.882 130.599 121.655 133.207 136 132.484 134.164 130.599 132.424 128.81 130.782 127.122 116.619 104.69 117.098 105.224 112.641 113.137 108.665 109.179 65.1153 69.857 65.9697 67.0522 68.352 34.176 49.4773 35.7771 50.5964 37.7359 52 37.9473 41.1825 41.7612 44.7214 45.607 48.3322 96.7471 92.7793 96.3328 92.3472 58.2409 56 62.0967 60 65.9697 64 57.2713 
112.641 113.842 111.571 109.836 110.635 34.176 40 35.7771 37.7359 16 0 12 8 4 136.821 130.599 139.313 133.207 141.873 135.882 144.499 138.622 147.187 141.421 133.686 144.278 150.306 146.697 148.647 144.997 147.078 143.388 145.602 141.873 132.544 120.599 132.966 121.062 128.561 128.996 124.579 125.028 64.1249 65.1153 64 64.1249 64.4981 20 34.176 22.6274 35.7771 25.6125 37.7359 23.3238 28.2843 26.8328 31.241 30.4631 34.4093 112.641 108.665 112.285 108.296 64.4981 58.2409 68 62.0967 71.5542 65.9697 62.6099 
116.619 118.186 109.179 108.296 108.665 40 48.1664 42.5206 45.2548 4 12 0 4 8 127.562 121.655 130.231 124.451 132.966 127.311 135.765 130.231 138.622 133.207 124.579 135.882 139.542 136 137.753 134.164 136.059 132.424 134.462 130.782 120.599 108.665 121.062 109.179 116.619 117.098 112.641 113.137 64.4981 68.352 65.1153 65.9697 67.0522 30.4631 45.607 32.249 46.8188 34.4093 48.3322 34.176 37.7359 37.9473 41.1825 41.7612 44.7214 100.717 96.7471 100.319 96.3328 59.4643 56.1427 63.2456 60.1332 67.0522 64.1249 58.2409 
115.169 116.619 109.836 108.665 109.179 37.7359 45.2548 40 42.5206 8 8 4 0 4 130.599 124.579 133.207 127.311 135.882 130.108 138.622 132.966 141.421 135.882 127.562 138.622 143.108 139.542 141.365 137.753 139.714 136.059 138.159 134.462 124.579 112.641 125.028 113.137 120.599 121.062 116.619 117.098 64.1249 67.0522 64.4981 65.1153 65.9697 26.8328 41.7612 28.8444 43.0813 31.241 44.7214 30.4631 34.4093 34.176 37.7359 37.9473 41.1825 104.69 100.717 104.307 100.319 60.9262 56.5685 64.622 60.531 68.352 64.4981 59.4643 
113.842 115.169 110.635 109.179 109.836 35.7771 42.5206 37.7359 40 12 4 8 4 0 133.686 127.562 136.235 130.231 138.852 132.966 141.534 135.765 144.278 138.622 130.599 141.421 146.697 143.108 144.997 141.365 143.388 139.714 141.873 138.159 128.561 116.619 128.996 117.098 124.579 125.028 120.599 121.062 64 65.9697 64.1249 64.4981 65.1153 23.3238 37.9473 25.6125 39.3954 28.2843 41.1825 26.8328 31.241 30.4631 34.4093 34.176 37.7359 108.665 104.69 108.296 104.307 62.6099 57.2713 66.2118 61.1882 69.857 65.1153 60.9262 
142.042 145.986 83.5225 91.214 87.3613 166.901 175.727 169.8 172.743 124.579 136.821 127.562 130.599 133.686 0 8 4 8.94427 8 11.3137 12 14.4222 16 17.8885 4 16.4924 150.625 149.933 146.697 145.986 142.773 142.042 138.852 138.101 75.8947 72.9932 72.111 69.0507 74.7262 70.8802 73.7564 69.857 180.887 190.536 183.216 185.602 188.043 143.388 157.429 141.421 155.641 139.542 153.935 146.86 143.108 150.36 146.697 153.883 150.306 96.0833 96 92.0869 92 80.9938 96.1665 79.6994 95.0789 78.5875 94.1488 84.7585 
134.164 138.101 75.8947 83.5225 79.6994 161.245 169.8 164.049 166.901 118.794 130.599 121.655 124.579 127.562 8 0 8.94427 4 11.3137 8 14.4222 12 17.8885 16 4 16.4924 152.315 151.42 148.432 147.513 144.554 143.611 140.684 139.714 78.7909 74.7262 75.1532 70.8802 77.2528 73.5391 75.8947 72.111 176.409 185.602 178.617 180.887 183.216 136.528 150.36 134.462 148.486 132.484 146.697 139.943 136 143.388 139.542 146.86 143.108 96.7471 96.3328 92.7793 92.3472 73.5391 88.5438 72.111 87.3613 70.8802 86.3481 77.2528 
141.421 145.382 82.4621 90.2441 86.3481 169.706 178.393 172.557 175.454 127.311 139.313 130.231 133.207 136.235 4 8.94427 0 8 4 8.94427 8 11.3137 12 14.4222 5.65685 12.6491 154.557 153.883 150.625 149.933 146.697 145.986 142.773 142.042 79.6994 76.9415 75.8947 72.9932 78.5875 74.7262 77.666 73.7564 184.174 193.659 186.462 188.807 191.207 145.437 159.298 143.388 157.429 141.421 155.641 148.862 144.941 152.315 148.486 155.795 152.053 100.08 100 96.0833 96 82.4621 97.4064 80.9938 96.1665 79.6994 95.0789 86.1626 
133.507 137.463 74.7262 82.4621 78.5875 164.146 172.557 166.901 169.706 121.655 133.207 124.451 127.311 130.231 8.94427 4 8 0 8.94427 4 11.3137 8 14.4222 12 5.65685 12.6491 156.205 155.332 152.315 151.42 148.432 147.513 144.554 143.611 82.4621 78.5875 78.7909 74.7262 80.9938 77.2528 79.6994 75.8947 179.778 188.807 181.945 184.174 186.462 138.679 152.315 136.528 150.36 134.462 148.486 142.042 137.928 145.437 141.421 148.862 144.941 100.717 100.319 96.7471 96.3328 75.1532 89.8888 73.5391 88.5438 72.111 87.3613 78.7909 
140.911 144.886 81.5843 89.4427 85.5102 172.557 181.108 175.362 178.213 130.108 141.873 132.966 135.882 138.852 8 11.3137 4 8.94427 0 8 4 8.94427 8 11.3137 8.94427 8.94427 158.493 157.835 154.557 153.883 150.625 149.933 146.697 145.986 83.5225 80.895 79.6994 76.9415 82.4621 78.5875 81.5843 77.666 187.489 196.815 189.737 192.042 194.402 147.567 161.245 145.437 159.298 143.388 157.429 150.944 146.86 154.35 150.36 157.785 153.883 104.077 104 100.08 100 84.0952 98.7927 82.4621 97.4064 80.9938 96.1665 87.7268 
132.966 136.938 73.7564 81.5843 77.666 167.093 175.362 169.8 172.557 124.579 135.882 127.311 130.108 132.966 11.3137 8 8.94427 4 8 0 8.94427 4 11.3137 8 8.94427 8.94427 160.1 159.248 156.205 155.332 152.315 151.42 148.432 147.513 86.1626 82.4621 82.4621 78.5875 84.7585 80.9938 83.5225 79.6994 183.172 192.042 185.3 187.489 189.737 140.911 154.35 138.679 152.315 136.528 150.36 144.222 139.943 147.567 143.388 150.944 146.86 104.69 104.307 100.717 100.319 76.9415 91.3893 75.1532 89.8888 73.5391 88.5438 80.4984 
140.513 144.499 80.895 88.8144 84.8528 175.454 183.87 178.213 181.019 132.966 144.499 135.765 138.622 141.534 12 14.4222 8 11.3137 4 8.94427 0 8 4 8.94427 12.6491 5.65685 162.432 161.79 158.493 157.835 154.557 153.883 150.625 149.933 87.3613 84.8528 83.5225 80.895 86.3481 82.4621 85.5102 81.5843 190.83 200 193.039 195.305 197.626 149.773 163.267 147.567 161.245 145.437 159.298 153.101 148.862 156.461 152.315 159.85 155.795 108.074 108 104.077 104 85.8836 100.319 84.0952 98.7927 82.4621 97.4064 89.4427 
132.544 136.528 72.9932 80.895 76.9415 170.082 178.213 172.743 175.454 127.562 138.622 130.231 132.966 135.765 14.4222 12 11.3137 8 8.94427 4 8 0 8.94427 4 12.6491 5.65685 164 163.169 160.1 159.248 156.205 155.332 152.315 151.42 89.8888 86.3481 86.1626 82.4621 88.5438 84.7585 87.3613 83.5225 186.59 195.305 188.68 190.83 193.039 143.22 156.461 140.911 154.35 138.679 152.315 146.479 142.042 149.773 145.437 153.101 148.862 108.665 108.296 104.69 104.307 78.8923 93.0376 76.9415 91.3893 75.1532 89.8888 82.365 
140.228 144.222 80.399 88.3629 84.3801 178.393 186.676 181.108 183.87 135.882 147.187 138.622 141.421 144.278 16 17.8885 12 14.4222 8 11.3137 4 8.94427 0 8 16.4924 4 166.373 165.747 162.432 161.79 158.493 157.835 154.557 153.883 91.214 88.8144 87.3613 84.8528 90.2441 86.3481 89.4427 85.5102 194.196 203.214 196.367 198.595 200.878 152.053 165.36 149.773 163.267 147.567 161.245 155.332 150.944 158.644 154.35 161.988 157.785 112.071 112 108.074 108 87.818 101.98 85.8836 100.319 84.0952 98.7927 91.3017 
132.242 136.235 72.4431 80.399 76.4199 173.113 181.108 175.727 178.393 130.599 141.421 133.207 135.882 138.622 17.8885 16 14.4222 12 11.3137 8 8.94427 4 8 0 16.4924 4 167.905 167.093 164 163.169 160.1 159.248 156.205 155.332 93.6376 90.2441 89.8888 86.3481 92.3472 88.5438 91.214 87.3613 190.032 198.595 192.083 194.196 196.367 145.602 158.644 143.22 156.461 140.911 154.35 148.809 144.222 152.053 147.567 155.332 150.944 112.641 112.285 108.665 108.296 80.9938 94.8262 78.8923 93.0376 76.9415 91.3893 84.3801 
138.101 142.042 79.6994 87.3613 83.5225 164.049 172.743 166.901 169.8 121.655 133.686 124.579 127.562 130.599 4 4 5.65685 5.65685 8.94427 8.94427 12.6491 12.6491 16.4924 16.4924 0 16 151.42 150.625 147.513 146.697 143.611 142.773 139.714 138.852 77.2528 73.7564 73.5391 69.857 75.8947 72.111 74.7262 70.8802 178.617 188.043 180.887 183.216 185.602 139.943 153.883 137.928 152.053 136 150.306 143.388 139.542 146.86 143.108 150.36 146.697 96.3328 96.0833 92.3472 92.0869 77.2528 92.3472 75.8947 91.214 74.7262 90.2441 80.9938 
136.235 140.228 76.4199 84.3801 80.399 175.727 183.87 178.393 181.108 133.207 144.278 135.882 138.622 141.421 16.4924 16.4924 12.6491 12.6491 8.94427 8.94427 5.65685 5.65685 4 4 16 0 167.093 166.373 163.169 162.432 159.248 158.493 155.332 154.557 92.3472 89.4427 88.5438 85.5102 91.214 87.3613 90.2441 86.3481 192.083 200.878 194.196 196.367 198.595 148.809 161.988 146.479 159.85 144.222 157.785 152.053 147.567 155.332 150.944 158.644 154.35 112.285 112.071 108.296 108.074 84.3801 98.387 82.365 96.6644 80.4984 95.0789 87.818 
240.433 243.245 203.096 207.461 205.251 151.42 163.169 155.332 159.248 136 150.306 139.542 143.108 146.697 150.625 152.315 154.557 156.205 158.493 160.1 162.432 164 166.373 167.905 151.42 167.093 0 4 4 5.65685 8 8.94427 12 12.6491 76.1052 77.666 80.0999 81.5843 76.4199 80.399 76.9415 80.895 132 148 136 140 144 169.941 184.391 171.767 186.075 173.666 187.83 173.528 177.178 177.133 180.71 180.754 184.261 57.2713 59.0593 60.9262 62.6099 158.795 169.706 161.839 172.557 164.924 175.454 161.443 
237.655 240.433 200.998 205.251 203.096 147.513 159.248 151.42 155.332 132.484 146.697 136 139.542 143.108 149.933 151.42 153.883 155.332 157.835 159.248 161.79 163.169 165.747 167.093 150.625 166.373 4 0 5.65685 4 8.94427 8 12.6491 12 76 76.9415 80 80.895 76.1052 80.0999 76.4199 80.399 128 144 132 136 140 166.373 180.754 168.238 182.472 170.176 184.261 169.941 173.666 173.528 177.178 177.133 180.71 55.7136 57.2713 59.4643 60.9262 156.205 166.901 159.298 169.8 162.432 172.743 158.795 
237.588 240.433 199.72 204.157 201.911 150.625 162.432 154.557 158.493 134.164 148.647 137.753 141.365 144.997 146.697 148.432 150.625 152.315 154.557 156.205 158.493 160.1 162.432 164 147.513 163.169 4 5.65685 0 4 4 5.65685 8 8.94427 72.111 73.7564 76.1052 77.666 72.4431 76.4199 72.9932 76.9415 132.061 148.054 136.059 140.057 144.056 168.19 182.779 169.941 184.391 171.767 186.075 171.814 175.317 175.454 178.885 179.109 182.472 53.6656 55.5698 57.2713 59.0593 155.795 166.901 158.795 169.706 161.839 172.557 158.493 
234.776 237.588 197.585 201.911 199.72 146.697 158.493 150.625 154.557 130.599 144.997 134.164 137.753 141.365 145.986 147.513 149.933 151.42 153.883 155.332 157.835 159.248 161.79 163.169 146.697 162.432 5.65685 4 4 0 5.65685 4 8.94427 8 72 72.9932 76 76.9415 72.111 76.1052 72.4431 76.4199 128.062 144.056 132.061 136.059 140.057 164.584 179.109 166.373 180.754 168.238 182.472 168.19 171.767 171.814 175.317 175.454 178.885 52 53.6656 55.7136 57.2713 153.154 164.049 156.205 166.901 159.298 169.8 155.795 
234.776 237.655 196.367 200.878 198.595 149.933 161.79 153.883 157.835 132.424 147.078 136.059 139.714 143.388 142.773 144.554 146.697 148.432 150.625 152.315 154.557 156.205 158.493 160.1 143.611 159.248 8 8.94427 4 5.65685 0 4 4 5.65685 68.1175 69.857 72.111 73.7564 68.469 72.4431 69.0507 72.9932 132.242 148.216 136.235 140.228 144.222 166.517 181.24 168.19 182.779 169.941 184.391 170.176 173.528 173.851 177.133 177.539 180.754 50.1199 52.1536 53.6656 55.5698 152.84 164.146 155.795 166.901 158.795 169.706 155.589 
231.931 234.776 194.196 198.595 196.367 145.986 157.835 149.933 153.883 128.81 143.388 132.424 136.059 139.714 142.042 143.611 145.986 147.513 149.933 151.42 153.883 155.332 157.835 159.248 142.773 158.493 8.94427 8 5.65685 4 4 0 5.65685 4 68 69.0507 72 72.9932 68.1175 72.111 68.469 72.4431 128.25 144.222 132.242 136.235 140.228 162.874 177.539 164.584 179.109 166.373 180.754 166.517 169.941 170.176 173.528 173.851 177.133 48.3322 50.1199 52 53.6656 150.147 161.245 153.154 164.049 156.205 166.901 152.84 
232 234.913 193.039 197.626 195.305 149.345 161.245 153.31 157.277 130.782 145.602 134.462 138.159 141.873 138.852 140.684 142.773 144.554 146.697 148.432 150.625 152.315 154.557 156.205 139.714 155.332 12 12.6491 8 8.94427 4 5.65685 0 4 64.1249 65.9697 68.1175 69.857 64.4981 68.469 65.1153 69.0507 132.544 148.486 136.528 140.513 144.499 164.924 179.778 166.517 181.24 168.19 182.779 168.618 171.814 172.325 175.454 176.045 179.109 46.6476 48.8262 50.1199 52.1536 149.933 161.443 152.84 164.146 155.795 166.901 152.735 
229.12 232 190.83 195.305 193.039 145.382 157.277 149.345 153.31 127.122 141.873 130.782 134.462 138.159 138.101 139.714 142.042 143.611 145.986 147.513 149.933 151.42 153.883 155.332 138.852 154.557 12.6491 12 8.94427 8 5.65685 4 4 0 64 65.1153 68 69.0507 64.1249 68.1175 64.4981 68.469 128.561 144.499 132.544 136.528 140.513 161.245 176.045 162.874 177.539 164.584 179.109 164.924 168.19 168.618 171.814 172.325 175.454 44.7214 46.6476 48.3322 50.1199 147.187 158.493 150.147 161.245 153.154 164.049 149.933 
190.032 193.494 141.534 147.513 144.499 150.572 162.086 154.402 158.24 116.619 132.544 120.599 124.579 128.561 75.8947 78.7909 79.6994 82.4621 83.5225 86.1626 87.3613 89.8888 91.214 93.6376 77.2528 92.3472 76.1052 76 72.111 72 68.1175 68 64.1249 64 0 12 4 12.6491 4 5.65685 8 8.94427 148.862 162.825 152.315 155.795 159.298 148 164 148.054 164.049 148.216 164.195 152 152.21 156 156.205 160 160.2 31.241 33.9411 28.2843 31.241 109.252 124.064 110.923 125.539 112.712 127.122 112.925 
179.778 183.172 132.966 138.622 135.765 139.14 150.572 142.941 146.751 104.69 120.599 108.665 112.641 116.619 72.9932 74.7262 76.9415 78.5875 80.895 82.4621 84.8528 86.3481 88.8144 90.2441 73.7564 89.4427 77.666 76.9415 73.7564 72.9932 69.857 69.0507 65.9697 65.1153 12 0 12.6491 4 8 8.94427 4 5.65685 138.679 152.315 142.042 145.437 148.862 136 152 136.059 152.053 136.235 152.21 140 140.228 144 144.222 148 148.216 25.2982 26.8328 21.5407 23.3238 98.387 112.925 100.24 114.543 102.215 116.276 101.98 
188.043 191.541 138.852 144.941 141.873 151.789 163.218 155.589 159.399 117.098 132.966 121.062 125.028 128.996 72.111 75.1532 75.8947 78.7909 79.6994 82.4621 83.5225 86.1626 87.3613 89.8888 73.5391 88.5438 80.0999 80 76.1052 76 72.111 72 68.1175 68 4 12.6491 0 12 5.65685 4 8.94427 8 150.944 164.73 154.35 157.785 161.245 148.054 164.049 148 164 148.054 164.049 152.053 152.053 156.051 156.051 160.05 160.05 34.4093 36.8782 31.241 33.9411 107.703 122.703 109.252 124.064 110.923 125.539 111.427 
177.674 181.108 130.108 135.882 132.966 140.456 151.789 144.222 148 105.224 121.062 109.179 113.137 117.098 69.0507 70.8802 72.9932 74.7262 76.9415 78.5875 80.895 82.4621 84.8528 86.3481 69.857 85.5102 81.5843 80.895 77.666 76.9415 73.7564 72.9932 69.857 69.0507 12.6491 4 12 0 8.94427 8 5.65685 4 140.911 154.35 144.222 147.567 150.944 136.059 152.053 136 152 136.059 152.053 140.057 140.057 144.056 144.056 148.054 148.054 29.1204 30.4631 25.2982 26.8328 96.6644 111.427 98.387 112.925 100.24 114.543 100.319 
186.59 190.032 138.622 144.499 141.534 146.751 158.24 150.572 154.402 112.641 128.561 116.619 120.599 124.579 74.7262 77.2528 78.5875 80.9938 82.4621 84.7585 86.3481 88.5438 90.2441 92.3472 75.8947 91.214 76.4199 76.1052 72.4431 72.111 68.469 68.1175 64.4981 64.1249 4 8 5.65685 8.94427 0 4 4 5.65685 145.437 159.298 148.862 152.315 155.795 144 160 144.056 160.05 144.222 160.2 148 148.216 152 152.21 156 156.205 28.8444 31.241 25.6125 28.2843 105.603 120.333 107.331 121.852 109.179 123.483 109.252 
184.564 188.043 135.882 141.873 138.852 148 159.399 151.789 155.589 113.137 128.996 117.098 121.062 125.028 70.8802 73.5391 74.7262 77.2528 78.5875 80.9938 82.4621 84.7585 86.3481 88.5438 72.111 87.3613 80.399 80.0999 76.4199 76.1052 72.4431 72.111 68.469 68.1175 5.65685 8.94427 4 8 4 0 5.65685 4 147.567 161.245 150.944 154.35 157.785 144.056 160.05 144 160 144.056 160.05 148.054 148.054 152.053 152.053 156.051 156.051 32.249 34.4093 28.8444 31.241 104 118.929 105.603 120.333 107.331 121.852 107.703 
183.172 186.59 135.765 141.534 138.622 142.941 154.402 146.751 150.572 108.665 124.579 112.641 116.619 120.599 73.7564 75.8947 77.666 79.6994 81.5843 83.5225 85.5102 87.3613 89.4427 91.214 74.7262 90.2441 76.9415 76.4199 72.9932 72.4431 69.0507 68.469 65.1153 64.4981 8 4 8.94427 5.65685 4 5.65685 0 4 142.042 155.795 145.437 148.862 152.315 140 156 140.057 156.051 140.228 156.205 144 144.222 148 148.216 152 152.21 26.8328 28.8444 23.3238 25.6125 101.98 116.619 103.769 118.186 105.679 119.867 105.603 
181.108 184.564 132.966 138.852 135.882 144.222 155.589 148 151.789 109.179 125.028 113.137 117.098 121.062 69.857 72.111 73.7564 75.8947 77.666 79.6994 81.5843 83.5225 85.5102 87.3613 70.8802 86.3481 80.895 80.399 76.9415 76.4199 72.9932 72.4431 69.0507 68.469 8.94427 5.65685 8 4 5.65685 4 4 0 144.222 157.785 147.567 150.944 154.35 140.057 156.051 140 156 140.057 156.051 144.056 144.056 148.054 148.054 152.053 152.053 30.4631 32.249 26.8328 28.8444 100.319 115.169 101.98 116.619 103.769 118.186 104 
175.727 176.59 173.666 172.743 173.159 35.7771 42.5206 37.7359 40 65.1153 64.1249 64.4981 64.1249 64 180.887 176.409 184.174 179.778 187.489 183.172 190.83 186.59 194.196 190.032 178.617 192.083 132 128 132.061 128.062 132.242 128.25 132.544 128.561 148.862 138.679 150.944 140.911 145.437 147.567 142.042 144.222 0 16 4 8 12 78.5875 84.0952 82.4621 87.7268 86.3481 91.3893 79.6994 87.3613 80.9938 88.5438 82.4621 89.8888 119.867 116.276 121.655 118.119 123.223 120.599 127.122 124.579 131.027 128.561 122.376 
173.159 173.666 176.59 174.951 175.727 32 34.176 32.249 32.9848 69.857 65.1153 68.352 67.0522 65.9697 190.536 185.602 193.659 188.807 196.815 192.042 200 195.305 203.214 198.595 188.043 200.878 148 144 148.054 144.056 148.216 144.222 148.486 144.499 162.825 152.315 164.73 154.35 159.298 161.245 155.795 157.785 16 0 12 8 4 76.1052 78.5875 80.0999 82.4621 84.0952 86.3481 76.4199 84.3801 76.9415 84.8528 77.666 85.5102 134.462 130.782 136.059 132.424 127.812 123.223 131.575 127.122 135.351 131.027 126.491 
174.951 175.727 174.264 173.159 173.666 34.176 40 35.7771 37.7359 65.9697 64 65.1153 64.4981 64.1249 183.216 178.617 186.462 181.945 189.737 185.3 193.039 188.68 196.367 192.083 180.887 194.196 136 132 136.059 132.061 136.235 132.242 136.528 132.544 152.315 142.042 154.35 144.222 148.862 150.944 145.437 147.567 4 12 0 4 8 77.666 82.4621 81.5843 86.1626 85.5102 89.8888 78.5875 86.3481 79.6994 87.3613 80.9938 88.5438 123.483 119.867 125.22 121.655 124.193 121.062 128.062 125.028 131.939 128.996 123.223 
174.264 174.951 174.951 173.666 174.264 32.9848 37.7359 34.176 35.7771 67.0522 64.1249 65.9697 65.1153 64.4981 185.602 180.887 188.807 184.174 192.042 187.489 195.305 190.83 198.595 194.196 183.216 196.367 140 136 140.057 136.059 140.228 136.235 140.513 136.528 155.795 145.437 157.785 147.567 152.315 154.35 148.862 150.944 8 8 4 0 4 76.9415 80.9938 80.895 84.7585 84.8528 88.5438 77.666 85.5102 78.5875 86.3481 79.6994 87.3613 127.122 123.483 128.81 125.22 125.284 121.655 129.12 125.603 132.966 129.553 124.193 
173.666 174.264 175.727 174.264 174.951 32.249 35.7771 32.9848 34.176 68.352 64.4981 67.0522 65.9697 65.1153 188.043 183.216 191.207 186.462 194.402 189.737 197.626 193.039 200.878 196.367 185.602 198.595 144 140 144.056 140.057 144.222 140.228 144.499 140.513 159.298 148.862 161.245 150.944 155.795 157.785 152.315 154.35 12 4 8 4 0 76.4199 79.6994 80.399 83.5225 84.3801 87.3613 76.9415 84.8528 77.666 85.5102 78.5875 86.3481 130.782 127.122 132.424 128.81 126.491 122.376 130.292 126.301 134.104 130.231 125.284 
97.3242 98.0612 105.603 102.528 104 44.1814 44.7214 44 44.1814 34.176 20 30.4631 26.8328 23.3238 143.388 136.528 145.437 138.679 147.567 140.911 149.773 143.22 152.053 145.602 139.943 148.809 169.941 166.373 168.19 164.584 166.517 162.874 164.924 161.245 148 136 148.054 136.059 144 144.056 140 140.057 78.5875 76.1052 77.666 76.9415 76.4199 0 16 4 16.4924 8 17.8885 4 8.94427 8 11.3137 12 14.4222 130.231 126.301 129.553 125.603 65.1153 54.4059 67.8823 57.6888 70.7672 61.0574 62.2254 
96 96.0833 113.208 109.179 111.14 48.3322 44.7214 46.8188 45.607 49.4773 34.176 45.607 41.7612 37.9473 157.429 150.36 159.298 152.315 161.245 154.35 163.267 156.461 165.36 158.644 153.883 161.988 184.391 180.754 182.779 179.109 181.24 177.539 179.778 176.045 164 152 164.049 152.053 160 160.05 156 156.051 84.0952 78.5875 82.4621 80.9938 79.6994 16 0 16.4924 4 17.8885 8 12 14.4222 8 11.3137 4 8.94427 145.986 142.042 145.382 141.421 77.666 65.1153 80 67.8823 82.4621 70.7672 74.4043 
93.3809 94.1488 101.98 98.7927 100.319 48.1664 48.6621 48 48.1664 35.7771 22.6274 32.249 28.8444 25.6125 141.421 134.462 143.388 136.528 145.437 138.679 147.567 140.911 149.773 143.22 137.928 146.479 171.767 168.238 169.941 166.373 168.19 164.584 166.517 162.874 148.054 136.059 148 136 144.056 144 140.057 140 82.4621 80.0999 81.5843 80.895 80.399 4 16.4924 0 16 4 16.4924 5.65685 5.65685 8.94427 8.94427 12.6491 12.6491 131.027 127.122 130.231 126.301 62.482 51.225 65.1153 54.4059 67.8823 57.6888 59.4643 
92 92.0869 109.836 105.679 107.703 52 48.6621 50.5964 49.4773 50.5964 35.7771 46.8188 43.0813 39.3954 155.641 148.486 157.429 150.36 159.298 152.315 161.245 154.35 163.267 156.461 152.053 159.85 186.075 182.472 184.391 180.754 182.779 179.109 181.24 177.539 164.049 152.053 164 152 160.05 160 156.051 156 87.7268 82.4621 86.1626 84.7585 83.5225 16.4924 4 16 0 16.4924 4 12.6491 12.6491 8.94427 8.94427 5.65685 5.65685 146.697 142.773 145.986 142.042 75.4718 62.482 77.666 65.1153 80 67.8823 72.111 
89.4427 90.2441 98.387 95.0789 96.6644 52.1536 52.6118 52 52.1536 37.7359 25.6125 34.4093 31.241 28.2843 139.542 132.484 141.421 134.462 143.388 136.528 145.437 138.679 147.567 140.911 136 144.222 173.666 170.176 171.767 168.238 169.941 166.373 168.19 164.584 148.216 136.235 148.054 136.059 144.222 144.056 140.228 140.057 86.3481 84.0952 85.5102 84.8528 84.3801 8 17.8885 4 16.4924 0 16 8.94427 4 11.3137 8 14.4222 12 131.939 128.062 131.027 127.122 60 48.1664 62.482 51.225 65.1153 54.4059 56.8507 
88 88.0909 106.508 102.215 104.307 55.7136 52.6118 54.4059 53.3667 52 37.7359 48.3322 44.7214 41.1825 153.935 146.697 155.641 148.486 157.429 150.36 159.298 152.315 161.245 154.35 150.306 157.785 187.83 184.261 186.075 182.472 184.391 180.754 182.779 179.109 164.195 152.21 164.049 152.053 160.2 160.05 156.205 156.051 91.3893 86.3481 89.8888 88.5438 87.3613 17.8885 8 16.4924 4 16 0 14.4222 12 11.3137 8 8.94427 4 147.513 143.611 146.697 142.773 73.4302 60 75.4718 62.482 77.666 65.1153 69.9714 
96.7471 97.3242 107.331 104 105.603 44.7214 44.1814 44.1814 44 37.9473 23.3238 34.176 30.4631 26.8328 146.86 139.943 148.862 142.042 150.944 144.222 153.101 146.479 155.332 148.809 143.388 152.053 173.528 169.941 171.814 168.19 170.176 166.517 168.618 164.924 152 140 152.053 140.057 148 148.054 144 144.056 79.6994 76.4199 78.5875 77.666 76.9415 4 12 5.65685 12.6491 8.94427 14.4222 0 8 4 8.94427 8 11.3137 134.164 130.231 133.507 129.553 68.1175 56.8507 70.7672 60 73.5391 63.2456 65.1153 
88.8144 89.4427 100.24 96.6644 98.387 52.6118 52.1536 52.1536 52 41.1825 28.2843 37.7359 34.4093 31.241 143.108 136 144.941 137.928 146.86 139.943 148.862 142.042 150.944 144.222 139.542 147.567 177.178 173.666 175.317 171.767 173.528 169.941 171.814 168.19 152.21 140.228 152.053 140.057 148.216 148.054 144.222 144.056 87.3613 84.3801 86.3481 85.5102 84.8528 8.94427 14.4222 5.65685 12.6491 4 12 8 0 8.94427 4 11.3137 8 135.823 131.939 134.937 131.027 63.2456 50.9117 65.6049 53.8145 68.1175 56.8507 60 
96.3328 96.7471 109.179 105.603 107.331 45.607 44 44.7214 44.1814 41.7612 26.8328 37.9473 34.176 30.4631 150.36 143.388 152.315 145.437 154.35 147.567 156.461 149.773 158.644 152.053 146.86 155.332 177.133 173.528 175.454 171.814 173.851 170.176 172.325 168.618 156 144 156.051 144.056 152 152.053 148 148.054 80.9938 76.9415 79.6994 78.5875 77.666 8 8 8.94427 8.94427 11.3137 11.3137 4 8.94427 0 8 4 8.94427 138.101 134.164 137.463 133.507 71.218 59.4643 73.7564 62.482 76.4199 65.6049 68.1175 
88.3629 88.8144 102.215 98.387 100.24 53.3667 52 52.6118 52.1536 44.7214 31.241 41.1825 37.7359 34.4093 146.697 139.542 148.486 141.421 150.36 143.388 152.315 145.437 154.35 147.567 143.108 150.944 180.71 177.178 178.885 175.317 177.133 173.528 175.454 171.814 156.205 144.222 156.051 144.056 152.21 152.053 148.216 148.054 88.5438 84.8528 87.3613 86.3481 85.5102 11.3137 11.3137 8.94427 8.94427 8 8 8.94427 4 8 0 8.94427 4 139.714 135.823 138.852 134.937 66.5733 53.8145 68.8186 56.5685 71.218 59.4643 63.2456 
96.0833 96.3328 111.14 107.331 109.179 46.8188 44.1814 45.607 44.7214 45.607 30.4631 41.7612 37.9473 34.176 153.883 146.86 155.795 148.862 157.785 150.944 159.85 153.101 161.988 155.332 150.36 158.644 180.754 177.133 179.109 175.454 177.539 173.851 176.045 172.325 160 148 160.05 148.054 156 156.051 152 152.053 82.4621 77.666 80.9938 79.6994 78.5875 12 4 12.6491 5.65685 14.4222 8.94427 8 11.3137 4 8.94427 0 8 142.042 138.101 141.421 137.463 74.4043 62.2254 76.8375 65.1153 79.3977 68.1175 71.218 
88.0909 88.3629 104.307 100.24 102.215 54.4059 52.1536 53.3667 52.6118 48.3322 34.4093 44.7214 41.1825 37.7359 150.306 143.108 152.053 144.941 153.883 146.86 155.795 148.862 157.785 150.944 146.697 154.35 184.261 180.71 182.472 178.885 180.754 177.133 179.109 175.454 160.2 148.216 160.05 148.054 156.205 156.051 152.21 152.053 89.8888 85.5102 88.5438 87.3613 86.3481 14.4222 8.94427 12.6491 5.65685 12 4 11.3137 8 8.94427 4 8 0 143.611 139.714 142.773 138.852 69.9714 56.8507 72.111 59.4643 74.4043 62.2254 66.5733 
187.446 190.536 146.479 151.208 148.809 125.603 137.463 129.553 133.507 96.7471 112.641 100.717 104.69 108.665 96.0833 96.7471 100.08 100.717 104.077 104.69 108.074 108.665 112.071 112.641 96.3328 112.285 57.2713 55.7136 53.6656 52 50.1199 48.3322 46.6476 44.7214 31.241 25.2982 34.4093 29.1204 28.8444 32.249 26.8328 30.4631 119.867 134.462 123.483 127.122 130.782 130.231 145.986 131.027 146.697 131.939 147.513 134.164 135.823 138.101 139.714 142.042 143.611 0 4 4 5.65685 104.995 117.644 107.629 120 110.345 122.442 108.074 
184.391 187.446 144.222 148.809 146.479 121.655 133.507 125.603 129.553 92.7793 108.665 96.7471 100.717 104.69 96 96.3328 100 100.319 104 104.307 108 108.296 112 112.285 96.0833 112.071 59.0593 57.2713 55.5698 53.6656 52.1536 50.1199 48.8262 46.6476 33.9411 26.8328 36.8782 30.4631 31.241 34.4093 28.8444 32.249 116.276 130.782 119.867 123.483 127.122 126.301 142.042 127.122 142.773 128.062 143.611 130.231 131.939 134.164 135.823 138.101 139.714 4 0 5.65685 4 101.98 114.403 104.69 116.825 107.48 119.331 104.995 
184.911 188.043 143.22 148.054 145.602 126.301 138.101 130.231 134.164 96.3328 112.285 100.319 104.307 108.296 92.0869 92.7793 96.0833 96.7471 100.08 100.717 104.077 104.69 108.074 108.665 92.3472 108.296 60.9262 59.4643 57.2713 55.7136 53.6656 52 50.1199 48.3322 28.2843 21.5407 31.241 25.2982 25.6125 28.8444 23.3238 26.8328 121.655 136.059 125.22 128.81 132.424 129.553 145.382 130.231 145.986 131.027 146.697 133.507 134.937 137.463 138.852 141.421 142.773 4 5.65685 0 4 102.45 115.378 104.995 117.644 107.629 120 105.603 
181.813 184.911 140.911 145.602 143.22 122.376 134.164 126.301 130.231 92.3472 108.296 96.3328 100.319 104.307 92 92.3472 96 96.3328 100 100.319 104 104.307 108 108.296 92.0869 108.074 62.6099 60.9262 59.0593 57.2713 55.5698 53.6656 52.1536 50.1199 31.241 23.3238 33.9411 26.8328 28.2843 31.241 25.6125 28.8444 118.119 132.424 121.655 125.22 128.81 125.603 141.421 126.301 142.042 127.122 142.773 129.553 131.027 133.507 134.937 137.463 138.852 5.65685 4 4 0 99.3579 112.071 101.98 114.403 104.69 116.825 102.45 
82.4621 85.6037 52.1536 53.3667 52.6118 98.387 104.307 100.24 102.215 58.2409 64.4981 59.4643 60.9262 62.6099 80.9938 73.5391 82.4621 75.1532 84.0952 76.9415 85.8836 78.8923 87.818 80.9938 77.2528 84.3801 158.795 156.205 155.795 153.154 152.84 150.147 149.933 147.187 109.252 98.387 107.703 96.6644 105.603 104 101.98 100.319 123.223 127.812 124.193 125.284 126.491 65.1153 77.666 62.482 75.4718 60 73.4302 68.1175 63.2456 71.218 66.5733 74.4043 69.9714 104.995 101.98 102.45 99.3579 0 16 4 16.4924 8 17.8885 4 
70.7672 73.5391 53.3667 52.1536 52.6118 92.3472 96.6644 93.6376 95.0789 56 58.2409 56.1427 56.5685 57.2713 96.1665 88.5438 97.4064 89.8888 98.7927 91.3893 100.319 93.0376 101.98 94.8262 92.3472 98.387 169.706 166.901 166.901 164.049 164.146 161.245 161.443 158.493 124.064 112.925 122.703 111.427 120.333 118.929 116.619 115.169 120.599 123.223 121.062 121.655 122.376 54.4059 65.1153 51.225 62.482 48.1664 60 56.8507 50.9117 59.4643 53.8145 62.2254 56.8507 117.644 114.403 115.378 112.071 16 0 16.4924 4 17.8885 8 12 
80 83.2346 48.1664 49.4773 48.6621 101.98 107.703 103.769 105.679 62.0967 68 63.2456 64.622 66.2118 79.6994 72.111 80.9938 73.5391 82.4621 75.1532 84.0952 76.9415 85.8836 78.8923 75.8947 82.365 161.839 159.298 158.795 156.205 155.795 153.154 152.84 150.147 110.923 100.24 109.252 98.387 107.331 105.603 103.769 101.98 127.122 131.575 128.062 129.12 130.292 67.8823 80 65.1153 77.666 62.482 75.4718 70.7672 65.6049 73.7564 68.8186 76.8375 72.111 107.629 104.69 104.995 101.98 4 16.4924 0 16 4 16.4924 5.65685 
67.8823 70.7672 49.4773 48.1664 48.6621 96.1665 100.319 97.4064 98.7927 60 62.0967 60.1332 60.531 61.1882 95.0789 87.3613 96.1665 88.5438 97.4064 89.8888 98.7927 91.3893 100.319 93.0376 91.214 96.6644 172.557 169.8 169.706 166.901 166.901 164.049 164.146 161.245 125.539 114.543 124.064 112.925 121.852 120.333 118.186 116.619 124.579 127.122 125.028 125.603 126.301 57.6888 67.8823 54.4059 65.1153 51.225 62.482 60 53.8145 62.482 56.5685 65.1153 59.4643 120 116.825 117.644 114.403 16.4924 4 16 0 16.4924 4 12.6491 
77.666 80.9938 44.1814 45.607 44.7214 105.603 111.14 107.331 109.179 65.9697 71.5542 67.0522 68.352 69.857 78.5875 70.8802 79.6994 72.111 80.9938 73.5391 82.4621 75.1532 84.0952 76.9415 74.7262 80.4984 164.924 162.432 161.839 159.298 158.795 156.205 155.795 153.154 112.712 102.215 110.923 100.24 109.179 107.331 105.679 103.769 131.027 135.351 131.939 132.966 134.104 70.7672 82.4621 67.8823 80 65.1153 77.666 73.5391 68.1175 76.4199 71.218 79.3977 74.4043 110.345 107.48 107.629 104.69 8 17.8885 4 16.4924 0 16 8.94427 
65.1153 68.1175 45.607 44.1814 44.7214 100 104 101.193 102.528 64 65.9697 64.1249 64.4981 65.1153 94.1488 86.3481 95.0789 87.3613 96.1665 88.5438 97.4064 89.8888 98.7927 91.3893 90.2441 95.0789 175.454 172.743 172.557 169.8 169.706 166.901 166.901 164.049 127.122 116.276 125.539 114.543 123.483 121.852 119.867 118.186 128.561 131.027 128.996 129.553 130.231 61.0574 70.7672 57.6888 67.8823 54.4059 65.1153 63.2456 56.8507 65.6049 59.4643 68.1175 62.2254 122.442 119.331 120 116.825 17.8885 8 16.4924 4 16 0 14.4222 
79.3977 82.4621 52 52.6118 52.1536 96.6644 102.215 98.387 100.24 57.2713 62.6099 58.2409 59.4643 60.9262 84.7585 77.2528 86.1626 78.7909 87.7268 80.4984 89.4427 82.365 91.3017 84.3801 80.9938 87.818 161.443 158.795 158.493 155.795 155.589 152.84 152.735 149.933 112.925 101.98 111.427 100.319 109.252 107.703 105.603 104 122.376 126.491 123.223 124.193 125.284 62.2254 74.4043 59.4643 72.111 56.8507 69.9714 65.1153 60 68.1175 63.2456 71.218 66.5733 108.074 104.995 105.603 102.45 4 12 5.65685 12.6491 8.94427 14.4222 0 
