0 8 4 8.94427 8 11.3137 4 8.94427 57.2713 68.352 59.0593 69.857 60.9262 62.6099 64.622 66.2118 51.225 48.1664 45.2548 53.6656 49.4773 52 50.5964 74.4043 87.818 76.8375 89.8888 77.666 80 80.9938 83.2346 84.3801 86.5332 36 39.3954 40 43.0813 36.2215 40.1995 36.8782 40.7922 37.9473 41.7612 89.8888 92.0869 93.2952 95.4149 96.7471 98.7927 100.24 102.215 103.769 105.679 149.933 152.735 152.84 155.589 155.795 158.493 158.795 161.443 152.315 153.31 154.402 155.589 132.544 140.513 132.966 140.911 136.528 136.938 77.2528 84.3801 80.9938 87.818 84.7585 91.3017 88.5438 94.8262 78.7909 
8 0 8.94427 4 11.3137 8 4 8.94427 50.1199 60.9262 52.1536 62.6099 53.6656 55.5698 57.2713 59.0593 46.6476 43.2666 40 57.6888 52 55.5698 53.6656 68.1175 80.9938 70.7672 83.2346 71.218 73.7564 74.4043 76.8375 77.666 80 36.8782 36.8782 40.7922 40.7922 36.2215 40.1995 36 40 36.2215 40.1995 85.8836 87.818 89.4427 91.3017 93.0376 94.8262 96.6644 98.387 100.319 101.98 144.499 147.187 147.513 150.147 150.572 153.154 153.675 156.205 144.554 145.602 146.751 148 124.579 132.544 125.028 132.966 128.561 128.996 74.7262 80.4984 78.5875 84.0952 82.4621 87.7268 86.3481 91.3893 75.8947 
4 8.94427 0 8 4 8.94427 5.65685 5.65685 55.7136 67.0522 57.2713 68.352 59.4643 60.9262 63.2456 64.622 54.4059 51.225 48.1664 57.2713 53.3667 55.7136 54.4059 72.111 85.8836 74.4043 87.818 75.4718 77.666 78.8923 80.9938 82.365 84.3801 32 35.7771 36 39.3954 32.249 36.2215 32.9848 36.8782 34.176 37.9473 86.5332 88.8144 89.8888 92.0869 93.2952 95.4149 96.7471 98.7927 100.24 102.215 147.078 149.933 149.933 152.735 152.84 155.589 155.795 158.493 151.42 152.315 153.31 154.402 132.242 140.228 132.544 140.513 136.235 136.528 73.5391 80.9938 77.2528 84.3801 80.9938 87.818 84.7585 91.3017 75.1532 
8.94427 4 8 0 8.94427 4 5.65685 5.65685 48.3322 59.4643 50.1199 60.9262 52 53.6656 55.7136 57.2713 50.1199 46.6476 43.2666 61.0574 55.7136 59.0593 57.2713 65.6049 78.8923 68.1175 80.9938 68.8186 71.218 72.111 74.4043 75.4718 77.666 32.9848 32.9848 36.8782 36.8782 32.249 36.2215 32 36 32.249 36.2215 82.365 84.3801 85.8836 87.818 89.4427 91.3017 93.0376 94.8262 96.6644 98.387 141.534 144.278 144.499 147.187 147.513 150.147 150.572 153.154 143.611 144.554 145.602 146.751 124.258 132.242 124.579 132.544 128.25 128.561 70.8802 76.9415 74.7262 80.4984 78.5875 84.0952 82.4621 87.7268 72.111 
8 11.3137 4 8.94427 0 8 8.94427 4 54.4059 65.9697 55.7136 67.0522 58.2409 59.4643 62.0967 63.2456 57.6888 54.4059 51.225 60.9262 57.2713 59.4643 58.2409 69.9714 84.0952 72.111 85.8836 73.4302 75.4718 76.9415 78.8923 80.4984 82.365 28 32.249 32 35.7771 28.2843 32.249 29.1204 32.9848 30.4631 34.176 83.2346 85.6037 86.5332 88.8144 89.8888 92.0869 93.2952 95.4149 96.7471 98.7927 144.278 147.187 147.078 149.933 149.933 152.735 152.84 155.589 150.625 151.42 152.315 153.31 132.061 140.057 132.242 140.228 136.059 136.235 69.857 77.666 73.5391 80.9938 77.2528 84.3801 80.9938 87.818 71.5542 
11.3137 8 8.94427 4 8 0 8.94427 4 46.8188 58.2409 48.3322 59.4643 50.5964 52 54.4059 55.7136 53.6656 50.1199 46.6476 64.4981 59.4643 62.6099 60.9262 63.2456 76.9415 65.6049 78.8923 66.5733 68.8186 69.9714 72.111 73.4302 75.4718 29.1204 29.1204 32.9848 32.9848 28.2843 32.249 28 32 28.2843 32.249 78.8923 80.9938 82.365 84.3801 85.8836 87.818 89.4427 91.3017 93.0376 94.8262 138.622 141.421 141.534 144.278 144.499 147.187 147.513 150.147 142.773 143.611 144.554 145.602 124.064 132.061 124.258 132.242 128.062 128.25 67.0522 73.4302 70.8802 76.9415 74.7262 80.4984 78.5875 84.0952 68.352 
4 4 5.65685 5.65685 8.94427 8.94427 0 8 53.6656 64.622 55.5698 66.2118 57.2713 59.0593 60.9262 62.6099 48.8262 45.607 42.5206 55.5698 50.5964 53.6656 52 71.218 84.3801 73.7564 86.5332 74.4043 76.8375 77.666 80 80.9938 83.2346 36.2215 37.9473 40.1995 41.7612 36 40 36.2215 40.1995 36.8782 40.7922 87.818 89.8888 91.3017 93.2952 94.8262 96.7471 98.387 100.24 101.98 103.769 147.187 149.933 150.147 152.84 153.154 155.795 156.205 158.795 148.432 149.452 150.572 151.789 128.561 136.528 128.996 136.938 132.544 132.966 75.8947 82.365 79.6994 85.8836 83.5225 89.4427 87.3613 93.0376 77.2528 
8.94427 8.94427 5.65685 5.65685 4 4 8 0 50.5964 62.0967 52 63.2456 54.4059 55.7136 58.2409 59.4643 55.5698 52.1536 48.8262 62.6099 58.2409 60.9262 59.4643 66.5733 80.4984 68.8186 82.365 69.9714 72.111 73.4302 75.4718 76.9415 78.8923 28.2843 30.4631 32.249 34.176 28 32 28.2843 32.249 29.1204 32.9848 80.9938 83.2346 84.3801 86.5332 87.818 89.8888 91.3017 93.2952 94.8262 96.7471 141.421 144.278 144.278 147.078 147.187 149.933 150.147 152.84 146.697 147.513 148.432 149.452 128.062 136.059 128.25 136.235 132.061 132.242 68.352 75.4718 72.111 78.8923 75.8947 82.365 79.6994 85.8836 69.857 
57.2713 50.1199 55.7136 48.3322 54.4059 46.8188 53.6656 50.5964 0 12 4 12.6491 4 5.65685 8 8.94427 67.0522 63.2456 59.4643 104.69 96.3328 101.823 99.0353 21.5407 31.241 25.2982 33.9411 23.3238 26.8328 25.6125 28.8444 28.2843 31.241 53.3667 37.9473 54.4059 39.3954 49.4773 50.5964 45.607 46.8188 41.7612 43.0813 52.1536 52 56.1427 56 60.1332 60 64.1249 64 68.1175 68 98.7927 100.955 102.215 104.307 105.679 107.703 109.179 111.14 96.7471 97.3242 98.0612 98.9545 80.895 88.8144 80.399 88.3629 84.8528 84.3801 53.6656 48.6621 57.2713 52.6118 60.9262 56.5685 64.622 60.531 52 
68.352 60.9262 67.0522 59.4643 65.9697 58.2409 64.622 62.0967 12 0 12.6491 4 8 8.94427 4 5.65685 71.5542 68 64.4981 113.701 104.69 110.635 107.629 20.3961 23.3238 24.3311 26.8328 20 24 20.3961 24.3311 21.5407 25.2982 65.1153 49.4773 65.9697 50.5964 61.1882 62.0967 57.2713 58.2409 53.3667 54.4059 54.4059 53.3667 58.2409 57.2713 62.0967 61.1882 65.9697 65.1153 69.857 69.0507 93.0376 94.8262 96.6644 98.387 100.319 101.98 104 105.603 84.8528 85.5102 86.3481 87.3613 69.0507 76.9415 68.469 76.4199 72.9932 72.4431 60 52 63.2456 55.7136 66.5733 59.4643 69.9714 63.2456 57.6888 
59.0593 52.1536 57.2713 50.1199 55.7136 48.3322 55.5698 52 4 12.6491 0 12 5.65685 4 8.94427 8 70.8802 67.0522 63.2456 107.48 99.3579 104.69 101.98 17.8885 28.8444 21.5407 31.241 20 23.3238 22.6274 25.6125 25.6125 28.2843 52.6118 36.8782 53.3667 37.9473 48.6621 49.4773 44.7214 45.607 40.7922 41.7612 48.1664 48 52.1536 52 56.1427 56 60.1332 60 64.1249 64 95.4149 97.6524 98.7927 100.955 102.215 104.307 105.679 107.703 96.3328 96.7471 97.3242 98.0612 81.5843 89.4427 80.895 88.8144 85.5102 84.8528 50.1199 44.7214 53.6656 48.6621 57.2713 52.6118 60.9262 56.5685 48.3322 
69.857 62.6099 68.352 60.9262 67.0522 59.4643 66.2118 63.2456 12.6491 4 12 0 8.94427 8 5.65685 4 75.1532 71.5542 68 116.276 107.48 113.278 110.345 16.4924 20 20.3961 23.3238 16 20 16.4924 20.3961 17.8885 21.5407 64.4981 48.6621 65.1153 49.4773 60.531 61.1882 56.5685 57.2713 52.6118 53.3667 50.5964 49.4773 54.4059 53.3667 58.2409 57.2713 62.0967 61.1882 65.9697 65.1153 89.4427 91.3017 93.0376 94.8262 96.6644 98.387 100.319 101.98 84.3801 84.8528 85.5102 86.3481 69.857 77.666 69.0507 76.9415 73.7564 72.9932 56.8507 48.3322 60 52 63.2456 55.7136 66.5733 59.4643 54.4059 
60.9262 53.6656 59.4643 52 58.2409 50.5964 57.2713 54.4059 4 8 5.65685 8.94427 0 4 4 5.65685 68.352 64.622 60.9262 107.629 99.0353 104.69 101.823 20.3961 28.2843 24.3311 31.241 21.5407 25.2982 23.3238 26.8328 25.6125 28.8444 57.2713 41.7612 58.2409 43.0813 53.3667 54.4059 49.4773 50.5964 45.607 46.8188 52.6118 52.1536 56.5685 56.1427 60.531 60.1332 64.4981 64.1249 68.469 68.1175 96.7471 98.7927 100.24 102.215 103.769 105.679 107.331 109.179 92.7793 93.3809 94.1488 95.0789 76.9415 84.8528 76.4199 84.3801 80.895 80.399 55.5698 49.4773 59.0593 53.3667 62.6099 57.2713 66.2118 61.1882 53.6656 
62.6099 55.5698 60.9262 53.6656 59.4643 52 59.0593 55.7136 5.65685 8.94427 4 8 4 0 5.65685 4 72.111 68.352 64.622 110.345 101.98 107.48 104.69 16.4924 25.6125 20.3961 28.2843 17.8885 21.5407 20 23.3238 22.6274 25.6125 56.5685 40.7922 57.2713 41.7612 52.6118 53.3667 48.6621 49.4773 44.7214 45.607 48.6621 48.1664 52.6118 52.1536 56.5685 56.1427 60.531 60.1332 64.4981 64.1249 93.2952 95.4149 96.7471 98.7927 100.24 102.215 103.769 105.679 92.3472 92.7793 93.3809 94.1488 77.666 85.5102 76.9415 84.8528 81.5843 80.895 52.1536 45.607 55.5698 49.4773 59.0593 53.3667 62.6099 57.2713 50.1199 
64.622 57.2713 63.2456 55.7136 62.0967 54.4059 60.9262 58.2409 8 4 8.94427 5.65685 4 5.65685 0 4 69.857 66.2118 62.6099 110.635 101.823 107.629 104.69 20 25.6125 24 28.8444 20.3961 24.3311 21.5407 25.2982 23.3238 26.8328 61.1882 45.607 62.0967 46.8188 57.2713 58.2409 53.3667 54.4059 49.4773 50.5964 53.3667 52.6118 57.2713 56.5685 61.1882 60.531 65.1153 64.4981 69.0507 68.469 94.8262 96.7471 98.387 100.24 101.98 103.769 105.603 107.331 88.8144 89.4427 90.2441 91.214 72.9932 80.895 72.4431 80.399 76.9415 76.4199 57.6888 50.5964 61.0574 54.4059 64.4981 58.2409 68 62.0967 55.5698 
66.2118 59.0593 64.622 57.2713 63.2456 55.7136 62.6099 59.4643 8.94427 5.65685 8 4 5.65685 4 4 0 73.5391 69.857 66.2118 113.278 104.69 110.345 107.48 16 22.6274 20 25.6125 16.4924 20.3961 17.8885 21.5407 20 23.3238 60.531 44.7214 61.1882 45.607 56.5685 57.2713 52.6118 53.3667 48.6621 49.4773 49.4773 48.6621 53.3667 52.6118 57.2713 56.5685 61.1882 60.531 65.1153 64.4981 91.3017 93.2952 94.8262 96.7471 98.387 100.24 101.98 103.769 88.3629 88.8144 89.4427 90.2441 73.7564 81.5843 72.9932 80.895 77.666 76.9415 54.4059 46.8188 57.6888 50.5964 61.0574 54.4059 64.4981 58.2409 52.1536 
51.225 46.6476 54.4059 50.1199 57.6888 53.6656 48.8262 55.5698 67.0522 71.5542 70.8802 75.1532 68.352 72.111 69.857 73.5391 0 4 8 56.5685 44.7214 52.6118 48.6621 88.5438 94.8262 92.3472 98.387 89.8888 93.6376 91.3893 95.0789 93.0376 96.6644 82.4621 77.666 86.1626 81.5843 80.9938 84.7585 79.6994 83.5225 78.5875 82.4621 117.098 117.712 121.062 121.655 125.028 125.603 128.996 129.553 132.966 133.507 164.584 166.373 168.19 169.941 171.814 173.528 175.454 177.133 138.679 140.911 143.22 145.602 112.712 119.867 114.612 121.655 116.276 118.119 112.071 112.641 116.069 116.619 120.067 120.599 124.064 124.579 112 
48.1664 43.2666 51.225 46.6476 54.4059 50.1199 45.607 52.1536 63.2456 68 67.0522 71.5542 64.622 68.352 66.2118 69.857 4 0 4 57.2713 45.607 53.3667 49.4773 84.7585 91.3017 88.5438 94.8262 86.1626 89.8888 87.7268 91.3893 89.4427 93.0376 78.7909 73.7564 82.4621 77.666 77.2528 80.9938 75.8947 79.6994 74.7262 78.5875 113.137 113.772 117.098 117.712 121.062 121.655 125.028 125.603 128.996 129.553 160.997 162.825 164.584 166.373 168.19 169.941 171.814 173.528 136.528 138.679 140.911 143.22 110.923 118.186 112.712 119.867 114.543 116.276 108.074 108.665 112.071 112.641 116.069 116.619 120.067 120.599 108 
45.2548 40 48.1664 43.2666 51.225 46.6476 42.5206 48.8262 59.4643 64.4981 63.2456 68 60.9262 64.622 62.6099 66.2118 8 4 0 58.2409 46.8188 54.4059 50.5964 80.9938 87.818 84.7585 91.3017 82.4621 86.1626 84.0952 87.7268 85.8836 89.4427 75.1532 69.857 78.7909 73.7564 73.5391 77.2528 72.111 75.8947 70.8802 74.7262 109.179 109.836 113.137 113.772 117.098 117.712 121.062 121.655 125.028 125.603 157.429 159.298 160.997 162.825 164.584 166.373 168.19 169.941 134.462 136.528 138.679 140.911 109.252 116.619 110.923 118.186 112.925 114.543 104.077 104.69 108.074 108.665 112.071 112.641 116.069 116.619 104 
53.6656 57.6888 57.2713 61.0574 60.9262 64.4981 55.5698 62.6099 104.69 113.701 107.48 116.276 107.629 110.345 110.635 113.278 56.5685 57.2713 58.2409 0 12 4 8 124.579 135.882 127.562 138.622 127.311 130.231 130.108 132.966 132.966 135.765 87.3613 93.0376 91.214 96.6644 88.5438 92.3472 89.8888 93.6376 91.3893 95.0789 143.388 145.437 146.86 148.862 150.36 152.315 153.883 155.795 157.429 159.298 201.792 204.353 204.9 207.422 208.038 210.523 211.206 213.654 191.416 193.205 195.059 196.977 167.141 174.631 168.618 176.045 170.88 172.325 130.782 137.928 134.462 141.421 138.159 144.941 141.873 148.486 132.424 
49.4773 52 53.3667 55.7136 57.2713 59.4643 50.5964 58.2409 96.3328 104.69 99.3579 107.48 99.0353 101.98 101.823 104.69 44.7214 45.607 46.8188 12 0 8 4 116.825 127.311 120 130.231 119.331 122.442 121.918 124.964 124.579 127.562 84.8528 88.5438 88.8144 92.3472 85.5102 89.4427 86.3481 90.2441 87.3613 91.214 137.753 139.542 141.365 143.108 144.997 146.697 148.647 150.306 152.315 153.935 194.402 196.815 197.626 200 200.878 203.214 204.157 206.456 180.71 182.603 184.564 186.59 156 163.414 157.582 164.924 159.7 161.245 126.491 132.424 130.292 136.059 134.104 139.714 137.928 143.388 127.812 
52 55.5698 55.7136 59.0593 59.4643 62.6099 53.6656 60.9262 101.823 110.635 104.69 113.278 104.69 107.48 107.629 110.345 52.6118 53.3667 54.4059 4 8 0 4 121.918 132.966 124.964 135.765 124.579 127.562 127.311 130.231 130.108 132.966 86.3481 91.3893 90.2441 95.0789 87.3613 91.214 88.5438 92.3472 89.8888 93.6376 141.421 143.388 144.941 146.86 148.486 150.36 152.053 153.883 155.641 157.429 199.279 201.792 202.425 204.9 205.602 208.038 208.806 211.206 187.83 189.652 191.541 193.494 163.414 170.88 164.924 172.325 167.141 168.618 129.244 136 132.966 139.542 136.704 143.108 140.456 146.697 130.782 
50.5964 53.6656 54.4059 57.2713 58.2409 60.9262 52 59.4643 99.0353 107.629 101.98 110.345 101.823 104.69 104.69 107.48 48.6621 49.4773 50.5964 8 4 4 0 119.331 130.108 122.442 132.966 121.918 124.964 124.579 127.562 127.311 130.231 85.5102 89.8888 89.4427 93.6376 86.3481 90.2441 87.3613 91.214 88.5438 92.3472 139.542 141.421 143.108 144.941 146.697 148.486 150.306 152.053 153.935 155.641 196.815 199.279 200 202.425 203.214 205.602 206.456 208.806 184.261 186.118 188.043 190.032 159.7 167.141 161.245 168.618 163.414 164.924 127.812 134.164 131.575 137.753 135.351 141.365 139.14 144.997 129.244 
74.4043 68.1175 72.111 65.6049 69.9714 63.2456 71.218 66.5733 21.5407 20.3961 17.8885 16.4924 20.3961 16.4924 20 16 88.5438 84.7585 80.9938 124.579 116.825 121.918 119.331 0 16 4 16.4924 4 5.65685 8 8.94427 12 12.6491 60.531 44.7214 60.1332 44.1814 56.5685 56.1427 52.6118 52.1536 48.6621 48.1664 34.176 32.9848 37.9473 36.8782 41.7612 40.7922 45.607 44.7214 49.4773 48.6621 77.666 80 80.9938 83.2346 84.3801 86.5332 87.818 89.8888 88.3629 88.0909 88 88.0909 78.7909 86.1626 77.2528 84.7585 82.4621 80.9938 42.5206 32.249 45.2548 35.7771 48.1664 39.3954 51.225 43.0813 39.598 
87.818 80.9938 85.8836 78.8923 84.0952 76.9415 84.3801 80.4984 31.241 23.3238 28.8444 20 28.2843 25.6125 25.6125 22.6274 94.8262 91.3017 87.818 135.882 127.311 132.966 130.108 16 0 16.4924 4 12 12.6491 8 8.94427 4 5.65685 76.4199 60.531 76.1052 60.1332 72.4431 72.111 68.469 68.1175 64.4981 64.1249 42.5206 40 45.607 43.2666 48.8262 46.6476 52.1536 50.1199 55.5698 53.6656 69.857 71.5542 73.5391 75.1532 77.2528 78.7909 80.9938 82.4621 72.4431 72.111 72 72.111 64.4981 71.5542 62.6099 69.857 68 66.2118 55.5698 42.5206 57.6888 45.2548 60 48.1664 62.482 51.225 52.1536 
76.8375 70.7672 74.4043 68.1175 72.111 65.6049 73.7564 68.8186 25.2982 24.3311 21.5407 20.3961 24.3311 20.3961 24 20 92.3472 88.5438 84.7585 127.562 120 124.964 122.442 4 16.4924 0 16 5.65685 4 8.94427 8 12.6491 12 61.1882 45.607 60.531 44.7214 57.2713 56.5685 53.3667 52.6118 49.4773 48.6621 30.4631 29.1204 34.176 32.9848 37.9473 36.8782 41.7612 40.7922 45.607 44.7214 74.4043 76.8375 77.666 80 80.9938 83.2346 84.3801 86.5332 88.8144 88.3629 88.0909 88 80.4984 87.7268 78.7909 86.1626 84.0952 82.4621 40 28.8444 42.5206 32.249 45.2548 35.7771 48.1664 39.3954 36.8782 
89.8888 83.2346 87.818 80.9938 85.8836 78.8923 86.5332 82.365 33.9411 26.8328 31.241 23.3238 31.241 28.2843 28.8444 25.6125 98.387 94.8262 91.3017 138.622 130.231 135.765 132.966 16.4924 4 16 0 12.6491 12 8.94427 8 5.65685 4 76.9415 61.1882 76.4199 60.531 72.9932 72.4431 69.0507 68.469 65.1153 64.4981 39.598 36.8782 42.5206 40 45.607 43.2666 48.8262 46.6476 52.1536 50.1199 66.2118 68 69.857 71.5542 73.5391 75.1532 77.2528 78.7909 72.9932 72.4431 72.111 72 66.5733 73.4302 64.4981 71.5542 69.9714 68 53.6656 40 55.5698 42.5206 57.6888 45.2548 60 48.1664 50.1199 
77.666 71.218 75.4718 68.8186 73.4302 66.5733 74.4043 69.9714 23.3238 20 20 16 21.5407 17.8885 20.3961 16.4924 89.8888 86.1626 82.4621 127.311 119.331 124.579 121.918 4 12 5.65685 12.6491 0 4 4 5.65685 8 8.94427 64.4981 48.6621 64.1249 48.1664 60.531 60.1332 56.5685 56.1427 52.6118 52.1536 35.7771 34.176 39.3954 37.9473 43.0813 41.7612 46.8188 45.607 50.5964 49.4773 75.4718 77.666 78.8923 80.9938 82.365 84.3801 85.8836 87.818 84.3801 84.0952 84 84.0952 75.1532 82.4621 73.5391 80.9938 78.7909 77.2528 45.607 34.4093 48.1664 37.7359 50.9117 41.1825 53.8145 44.7214 42.5206 
80 73.7564 77.666 71.218 75.4718 68.8186 76.8375 72.111 26.8328 24 23.3238 20 25.2982 21.5407 24.3311 20.3961 93.6376 89.8888 86.1626 130.231 122.442 127.562 124.964 5.65685 12.6491 4 12 4 0 5.65685 4 8.94427 8 65.1153 49.4773 64.4981 48.6621 61.1882 60.531 57.2713 56.5685 53.3667 52.6118 32.249 30.4631 35.7771 34.176 39.3954 37.9473 43.0813 41.7612 46.8188 45.607 72.111 74.4043 75.4718 77.666 78.8923 80.9938 82.365 84.3801 84.8528 84.3801 84.0952 84 76.9415 84.0952 75.1532 82.4621 80.4984 78.7909 43.2666 31.241 45.607 34.4093 48.1664 37.7359 50.9117 41.1825 40 
80.9938 74.4043 78.8923 72.111 76.9415 69.9714 77.666 73.4302 25.6125 20.3961 22.6274 16.4924 23.3238 20 21.5407 17.8885 91.3893 87.7268 84.0952 130.108 121.918 127.311 124.579 8 8 8.94427 8.94427 4 5.65685 0 4 4 5.65685 68.469 52.6118 68.1175 52.1536 64.4981 64.1249 60.531 60.1332 56.5685 56.1427 37.7359 35.7771 41.1825 39.3954 44.7214 43.0813 48.3322 46.8188 52 50.5964 73.4302 75.4718 76.9415 78.8923 80.4984 82.365 84.0952 85.8836 80.399 80.0999 80 80.0999 71.5542 78.7909 69.857 77.2528 75.1532 73.5391 48.8262 36.8782 51.225 40 53.8145 43.2666 56.5685 46.6476 45.607 
83.2346 76.8375 80.9938 74.4043 78.8923 72.111 80 75.4718 28.8444 24.3311 25.6125 20.3961 26.8328 23.3238 25.2982 21.5407 95.0789 91.3893 87.7268 132.966 124.964 130.231 127.562 8.94427 8.94427 8 8 5.65685 4 4 0 5.65685 4 69.0507 53.3667 68.469 52.6118 65.1153 64.4981 61.1882 60.531 57.2713 56.5685 34.4093 32.249 37.7359 35.7771 41.1825 39.3954 44.7214 43.0813 48.3322 46.8188 69.9714 72.111 73.4302 75.4718 76.9415 78.8923 80.4984 82.365 80.895 80.399 80.0999 80 73.4302 80.4984 71.5542 78.7909 76.9415 75.1532 46.6476 33.9411 48.8262 36.8782 51.225 40 53.8145 43.2666 43.2666 
84.3801 77.666 82.365 75.4718 80.4984 73.4302 80.9938 76.9415 28.2843 21.5407 25.6125 17.8885 25.6125 22.6274 23.3238 20 93.0376 89.4427 85.8836 132.966 124.579 130.108 127.311 12 4 12.6491 5.65685 8 8.94427 4 5.65685 0 4 72.4431 56.5685 72.111 56.1427 68.469 68.1175 64.4981 64.1249 60.531 60.1332 40 37.7359 43.2666 41.1825 46.6476 44.7214 50.1199 48.3322 53.6656 52 71.5542 73.4302 75.1532 76.9415 78.7909 80.4984 82.4621 84.0952 76.4199 76.1052 76 76.1052 68 75.1532 66.2118 73.5391 71.5542 69.857 52.1536 39.598 54.4059 42.5206 56.8507 45.607 59.4643 48.8262 48.8262 
86.5332 80 84.3801 77.666 82.365 75.4718 83.2346 78.8923 31.241 25.2982 28.2843 21.5407 28.8444 25.6125 26.8328 23.3238 96.6644 93.0376 89.4427 135.765 127.562 132.966 130.231 12.6491 5.65685 12 4 8.94427 8 5.65685 4 4 0 72.9932 57.2713 72.4431 56.5685 69.0507 68.469 65.1153 64.4981 61.1882 60.531 36.8782 34.4093 40 37.7359 43.2666 41.1825 46.6476 44.7214 50.1199 48.3322 68 69.9714 71.5542 73.4302 75.1532 76.9415 78.7909 80.4984 76.9415 76.4199 76.1052 76 69.9714 76.9415 68 75.1532 73.4302 71.5542 50.1199 36.8782 52.1536 39.598 54.4059 42.5206 56.8507 45.607 46.6476 
36 36.8782 32 32.9848 28 29.1204 36.2215 28.2843 53.3667 65.1153 52.6118 64.4981 57.2713 56.5685 61.1882 60.531 82.4621 78.7909 75.1532 87.3613 84.8528 86.3481 85.5102 60.531 76.4199 61.1882 76.9415 64.4981 65.1153 68.469 69.0507 72.4431 72.9932 0 16 4 16.4924 4 5.65685 8 8.94427 12 12.6491 62.482 65.6049 65.1153 68.1175 67.8823 70.7672 70.7672 73.5391 73.7564 76.4199 126.491 129.8 128.81 132.061 131.21 134.402 133.686 136.821 148 148.054 148.216 148.486 134.164 142.042 133.507 141.421 138.101 137.463 45.607 56.8507 48.8262 59.4643 52.1536 62.2254 55.5698 65.1153 48.1664 
39.3954 36.8782 35.7771 32.9848 32.249 29.1204 37.9473 30.4631 37.9473 49.4773 36.8782 48.6621 41.7612 40.7922 45.607 44.7214 77.666 73.7564 69.857 93.0376 88.5438 91.3893 89.8888 44.7214 60.531 45.607 61.1882 48.6621 49.4773 52.6118 53.3667 56.5685 57.2713 16 0 16.4924 4 12 12.6491 8 8.94427 4 5.65685 51.225 53.8145 54.4059 56.8507 57.6888 60 61.0574 63.2456 64.4981 66.5733 113.701 116.825 116.276 119.331 118.929 121.918 121.655 124.579 132 132.061 132.242 132.544 118.457 126.301 117.712 125.603 122.376 121.655 37.9473 45.607 41.7612 48.8262 45.607 52.1536 49.4773 55.5698 39.3954 
40 40.7922 36 36.8782 32 32.9848 40.1995 32.249 54.4059 65.9697 53.3667 65.1153 58.2409 57.2713 62.0967 61.1882 86.1626 82.4621 78.7909 91.214 88.8144 90.2441 89.4427 60.1332 76.1052 60.531 76.4199 64.1249 64.4981 68.1175 68.469 72.111 72.4431 4 16.4924 0 16 5.65685 4 8.94427 8 12.6491 12 60 63.2456 62.482 65.6049 65.1153 68.1175 67.8823 70.7672 70.7672 73.5391 124.258 127.624 126.491 129.8 128.81 132.061 131.21 134.402 148.054 148 148.054 148.216 134.937 142.773 134.164 142.042 138.852 138.101 42.5206 54.4059 45.607 56.8507 48.8262 59.4643 52.1536 62.2254 45.2548 
43.0813 40.7922 39.3954 36.8782 35.7771 32.9848 41.7612 34.176 39.3954 50.5964 37.9473 49.4773 43.0813 41.7612 46.8188 45.607 81.5843 77.666 73.7564 96.6644 92.3472 95.0789 93.6376 44.1814 60.1332 44.7214 60.531 48.1664 48.6621 52.1536 52.6118 56.1427 56.5685 16.4924 4 16 0 12.6491 12 8.94427 8 5.65685 4 48.1664 50.9117 51.225 53.8145 54.4059 56.8507 57.6888 60 61.0574 63.2456 111.212 114.403 113.701 116.825 116.276 119.331 118.929 121.918 132.061 132 132.061 132.242 119.331 127.122 118.457 126.301 123.223 122.376 34.176 42.5206 37.9473 45.607 41.7612 48.8262 45.607 52.1536 35.7771 
36.2215 36.2215 32.249 32.249 28.2843 28.2843 36 28 49.4773 61.1882 48.6621 60.531 53.3667 52.6118 57.2713 56.5685 80.9938 77.2528 73.5391 88.5438 85.5102 87.3613 86.3481 56.5685 72.4431 57.2713 72.9932 60.531 61.1882 64.4981 65.1153 68.469 69.0507 4 12 5.65685 12.6491 0 4 4 5.65685 8 8.94427 59.4643 62.482 62.2254 65.1153 65.1153 67.8823 68.1175 70.7672 71.218 73.7564 123.223 126.491 125.603 128.81 128.062 131.21 130.599 133.686 144 144.056 144.222 144.499 130.231 138.101 129.553 137.463 134.164 133.507 43.2666 53.8145 46.6476 56.5685 50.1199 59.4643 53.6656 62.482 45.607 
40.1995 40.1995 36.2215 36.2215 32.249 32.249 40 32 50.5964 62.0967 49.4773 61.1882 54.4059 53.3667 58.2409 57.2713 84.7585 80.9938 77.2528 92.3472 89.4427 91.214 90.2441 56.1427 72.111 56.5685 72.4431 60.1332 60.531 64.1249 64.4981 68.1175 68.469 5.65685 12.6491 4 12 4 0 5.65685 4 8.94427 8 56.8507 60 59.4643 62.482 62.2254 65.1153 65.1153 67.8823 68.1175 70.7672 120.93 124.258 123.223 126.491 125.603 128.81 128.062 131.21 144.056 144 144.056 144.222 131.027 138.852 130.231 138.101 134.937 134.164 40 51.225 43.2666 53.8145 46.6476 56.5685 50.1199 59.4643 42.5206 
36.8782 36 32.9848 32 29.1204 28 36.2215 28.2843 45.607 57.2713 44.7214 56.5685 49.4773 48.6621 53.3667 52.6118 79.6994 75.8947 72.111 89.8888 86.3481 88.5438 87.3613 52.6118 68.469 53.3667 69.0507 56.5685 57.2713 60.531 61.1882 64.4981 65.1153 8 8 8.94427 8.94427 4 5.65685 0 4 4 5.65685 56.5685 59.4643 59.4643 62.2254 62.482 65.1153 65.6049 68.1175 68.8186 71.218 120 123.223 122.442 125.603 124.964 128.062 127.562 130.599 140 140.057 140.228 140.513 126.301 134.164 125.603 133.507 130.231 129.553 41.1825 50.9117 44.7214 53.8145 48.3322 56.8507 52 60 43.2666 
40.7922 40 36.8782 36 32.9848 32 40.1995 32.249 46.8188 58.2409 45.607 57.2713 50.5964 49.4773 54.4059 53.3667 83.5225 79.6994 75.8947 93.6376 90.2441 92.3472 91.214 52.1536 68.1175 52.6118 68.469 56.1427 56.5685 60.1332 60.531 64.1249 64.4981 8.94427 8.94427 8 8 5.65685 4 4 0 5.65685 4 53.8145 56.8507 56.5685 59.4643 59.4643 62.2254 62.482 65.1153 65.6049 68.1175 117.644 120.93 120 123.223 122.442 125.603 124.964 128.062 140.057 140 140.057 140.228 127.122 134.937 126.301 134.164 131.027 130.231 37.7359 48.1664 41.1825 50.9117 44.7214 53.8145 48.3322 56.8507 40 
37.9473 36.2215 34.176 32.249 30.4631 28.2843 36.8782 29.1204 41.7612 53.3667 40.7922 52.6118 45.607 44.7214 49.4773 48.6621 78.5875 74.7262 70.8802 91.3893 87.3613 89.8888 88.5438 48.6621 64.4981 49.4773 65.1153 52.6118 53.3667 56.5685 57.2713 60.531 61.1882 12 4 12.6491 5.65685 8 8.94427 4 5.65685 0 4 53.8145 56.5685 56.8507 59.4643 60 62.482 63.2456 65.6049 66.5733 68.8186 116.825 120 119.331 122.442 121.918 124.964 124.579 127.562 136 136.059 136.235 136.528 122.376 130.231 121.655 129.553 126.301 125.603 39.3954 48.1664 43.0813 51.225 46.8188 54.4059 50.5964 57.6888 41.1825 
41.7612 40.1995 37.9473 36.2215 34.176 32.249 40.7922 32.9848 43.0813 54.4059 41.7612 53.3667 46.8188 45.607 50.5964 49.4773 82.4621 78.5875 74.7262 95.0789 91.214 93.6376 92.3472 48.1664 64.1249 48.6621 64.4981 52.1536 52.6118 56.1427 56.5685 60.1332 60.531 12.6491 5.65685 12 4 8.94427 8 5.65685 4 4 0 50.9117 53.8145 53.8145 56.5685 56.8507 59.4643 60 62.482 63.2456 65.6049 114.403 117.644 116.825 120 119.331 122.442 121.918 124.964 136.059 136 136.059 136.235 123.223 131.027 122.376 130.231 127.122 126.301 35.7771 45.2548 39.3954 48.1664 43.0813 51.225 46.8188 54.4059 37.7359 
89.8888 85.8836 86.5332 82.365 83.2346 78.8923 87.818 80.9938 52.1536 54.4059 48.1664 50.5964 52.6118 48.6621 53.3667 49.4773 117.098 113.137 109.179 143.388 137.753 141.421 139.542 34.176 42.5206 30.4631 39.598 35.7771 32.249 37.7359 34.4093 40 36.8782 62.482 51.225 60 48.1664 59.4643 56.8507 56.5685 53.8145 53.8145 50.9117 0 4 4 5.65685 8 8.94427 12 12.6491 16 16.4924 64.4981 68 66.5733 69.9714 68.8186 72.111 71.218 74.4043 107.703 106.283 104.995 103.846 105.603 112.071 103.228 109.836 108.812 106.508 20.3961 5.65685 20 4 20.3961 5.65685 21.5407 8.94427 16.4924 
92.0869 87.818 88.8144 84.3801 85.6037 80.9938 89.8888 83.2346 52 53.3667 48 49.4773 52.1536 48.1664 52.6118 48.6621 117.712 113.772 109.836 145.437 139.542 143.388 141.421 32.9848 40 29.1204 36.8782 34.176 30.4631 35.7771 32.249 37.7359 34.4093 65.6049 53.8145 63.2456 50.9117 62.482 60 59.4643 56.8507 56.5685 53.8145 4 0 5.65685 4 8.94427 8 12.6491 12 16.4924 16 61.0574 64.4981 63.2456 66.5733 65.6049 68.8186 68.1175 71.218 104 102.528 101.193 100 102.45 108.812 100 106.508 105.603 103.228 24.3311 8.94427 24 8 24.3311 8.94427 25.2982 11.3137 20.3961 
93.2952 89.4427 89.8888 85.8836 86.5332 82.365 91.3017 84.3801 56.1427 58.2409 52.1536 54.4059 56.5685 52.6118 57.2713 53.3667 121.062 117.098 113.137 146.86 141.365 144.941 143.108 37.9473 45.607 34.176 42.5206 39.3954 35.7771 41.1825 37.7359 43.2666 40 65.1153 54.4059 62.482 51.225 62.2254 59.4643 59.4643 56.5685 56.8507 53.8145 4 5.65685 0 4 4 5.65685 8 8.94427 12 12.6491 62.6099 66.2118 64.4981 68 66.5733 69.9714 68.8186 72.111 109.252 107.703 106.283 104.995 108.074 114.403 105.603 112.071 111.212 108.812 21.5407 8.94427 20.3961 5.65685 20 4 20.3961 5.65685 17.8885 
95.4149 91.3017 92.0869 87.818 88.8144 84.3801 93.2952 86.5332 56 57.2713 52 53.3667 56.1427 52.1536 56.5685 52.6118 121.655 117.712 113.772 148.862 143.108 146.86 144.941 36.8782 43.2666 32.9848 40 37.9473 34.176 39.3954 35.7771 41.1825 37.7359 68.1175 56.8507 65.6049 53.8145 65.1153 62.482 62.2254 59.4643 59.4643 56.5685 5.65685 4 4 0 5.65685 4 8.94427 8 12.6491 12 59.0593 62.6099 61.0574 64.4981 63.2456 66.5733 65.6049 68.8186 105.603 104 102.528 101.193 104.995 111.212 102.45 108.812 108.074 105.603 25.2982 11.3137 24.3311 8.94427 24 8 24.3311 8.94427 21.5407 
96.7471 93.0376 93.2952 89.4427 89.8888 85.8836 94.8262 87.818 60.1332 62.0967 56.1427 58.2409 60.531 56.5685 61.1882 57.2713 125.028 121.062 117.098 150.36 144.997 148.486 146.697 41.7612 48.8262 37.9473 45.607 43.0813 39.3954 44.7214 41.1825 46.6476 43.2666 67.8823 57.6888 65.1153 54.4059 65.1153 62.2254 62.482 59.4643 60 56.8507 8 8.94427 4 5.65685 0 4 4 5.65685 8 8.94427 60.9262 64.622 62.6099 66.2118 64.4981 68 66.5733 69.9714 110.923 109.252 107.703 106.283 110.635 116.825 108.074 114.403 113.701 111.212 23.3238 12.6491 21.5407 8.94427 20.3961 5.65685 20 4 20 
98.7927 94.8262 95.4149 91.3017 92.0869 87.818 96.7471 89.8888 60 61.1882 56 57.2713 60.1332 56.1427 60.531 56.5685 125.603 121.655 117.712 152.315 146.697 150.36 148.486 40.7922 46.6476 36.8782 43.2666 41.7612 37.9473 43.0813 39.3954 44.7214 41.1825 70.7672 60 68.1175 56.8507 67.8823 65.1153 65.1153 62.2254 62.482 59.4643 8.94427 8 5.65685 4 4 0 5.65685 4 8.94427 8 57.2713 60.9262 59.0593 62.6099 61.0574 64.4981 63.2456 66.5733 107.331 105.603 104 102.528 107.629 113.701 104.995 111.212 110.635 108.074 26.8328 14.4222 25.2982 11.3137 24.3311 8.94427 24 8 23.3238 
100.24 96.6644 96.7471 93.0376 93.2952 89.4427 98.387 91.3017 64.1249 65.9697 60.1332 62.0967 64.4981 60.531 65.1153 61.1882 128.996 125.028 121.062 153.883 148.647 152.053 150.306 45.607 52.1536 41.7612 48.8262 46.8188 43.0813 48.3322 44.7214 50.1199 46.6476 70.7672 61.0574 67.8823 57.6888 68.1175 65.1153 65.6049 62.482 63.2456 60 12 12.6491 8 8.94427 4 5.65685 0 4 4 5.65685 59.4643 63.2456 60.9262 64.622 62.6099 66.2118 64.4981 68 112.712 110.923 109.252 107.703 113.278 119.331 110.635 116.825 116.276 113.701 25.6125 16.4924 23.3238 12.6491 21.5407 8.94427 20.3961 5.65685 22.6274 
102.215 98.387 98.7927 94.8262 95.4149 91.3017 100.24 93.2952 64 65.1153 60 61.1882 64.1249 60.1332 64.4981 60.531 129.553 125.603 121.655 155.795 150.306 153.883 152.053 44.7214 50.1199 40.7922 46.6476 45.607 41.7612 46.8188 43.0813 48.3322 44.7214 73.5391 63.2456 70.7672 60 70.7672 67.8823 68.1175 65.1153 65.6049 62.482 12.6491 12 8.94427 8 5.65685 4 4 0 5.65685 4 55.7136 59.4643 57.2713 60.9262 59.0593 62.6099 61.0574 64.4981 109.179 107.331 105.603 104 110.345 116.276 107.629 113.701 113.278 110.635 28.8444 17.8885 26.8328 14.4222 25.2982 11.3137 24.3311 8.94427 25.6125 
103.769 100.319 100.24 96.6644 96.7471 93.0376 101.98 94.8262 68.1175 69.857 64.1249 65.9697 68.469 64.4981 69.0507 65.1153 132.966 128.996 125.028 157.429 152.315 155.641 153.935 49.4773 55.5698 45.607 52.1536 50.5964 46.8188 52 48.3322 53.6656 50.1199 73.7564 64.4981 70.7672 61.0574 71.218 68.1175 68.8186 65.6049 66.5733 63.2456 16 16.4924 12 12.6491 8 8.94427 4 5.65685 0 4 58.2409 62.0967 59.4643 63.2456 60.9262 64.622 62.6099 66.2118 114.612 112.712 110.923 109.252 116 121.918 113.278 119.331 118.929 116.276 28.2843 20.3961 25.6125 16.4924 23.3238 12.6491 21.5407 8.94427 25.6125 
105.679 101.98 102.215 98.387 98.7927 94.8262 103.769 96.7471 68 69.0507 64 65.1153 68.1175 64.1249 68.469 64.4981 133.507 129.553 125.603 159.298 153.935 157.429 155.641 48.6621 53.6656 44.7214 50.1199 49.4773 45.607 50.5964 46.8188 52 48.3322 76.4199 66.5733 73.5391 63.2456 73.7564 70.7672 71.218 68.1175 68.8186 65.6049 16.4924 16 12.6491 12 8.94427 8 5.65685 4 4 0 54.4059 58.2409 55.7136 59.4643 57.2713 60.9262 59.0593 62.6099 111.14 109.179 107.331 105.603 113.137 118.929 110.345 116.276 116 113.278 31.241 21.5407 28.8444 17.8885 26.8328 14.4222 25.2982 11.3137 28.2843 
149.933 144.499 147.078 141.534 144.278 138.622 147.187 141.421 98.7927 93.0376 95.4149 89.4427 96.7471 93.2952 94.8262 91.3017 164.584 160.997 157.429 201.792 194.402 199.279 196.815 77.666 69.857 74.4043 66.2118 75.4718 72.111 73.4302 69.9714 71.5542 68 126.491 113.701 124.258 111.212 123.223 120.93 120 117.644 116.825 114.403 64.4981 61.0574 62.6099 59.0593 60.9262 57.2713 59.4643 55.7136 58.2409 54.4059 0 4 4 5.65685 8 8.94427 12 12.6491 84.3801 80.9938 77.666 74.4043 100 102.528 96.1665 98.7927 101.193 97.4064 84.0952 69.9714 82.4621 68 80.9938 66.2118 79.6994 64.622 80.4984 
152.735 147.187 149.933 144.278 147.187 141.421 149.933 144.278 100.955 94.8262 97.6524 91.3017 98.7927 95.4149 96.7471 93.2952 166.373 162.825 159.298 204.353 196.815 201.792 199.279 80 71.5542 76.8375 68 77.666 74.4043 75.4718 72.111 73.4302 69.9714 129.8 116.825 127.624 114.403 126.491 124.258 123.223 120.93 120 117.644 68 64.4981 66.2118 62.6099 64.622 60.9262 63.2456 59.4643 62.0967 58.2409 4 0 5.65685 4 8.94427 8 12.6491 12 82.365 78.8923 75.4718 72.111 98.9545 101.193 95.0789 97.4064 100 96.1665 87.7268 73.4302 86.1626 71.5542 84.7585 69.857 83.5225 68.352 84.0952 
152.84 147.513 149.933 144.499 147.078 141.534 150.147 144.278 102.215 96.6644 98.7927 93.0376 100.24 96.7471 98.387 94.8262 168.19 164.584 160.997 204.9 197.626 202.425 200 80.9938 73.5391 77.666 69.857 78.8923 75.4718 76.9415 73.4302 75.1532 71.5542 128.81 116.276 126.491 113.701 125.603 123.223 122.442 120 119.331 116.825 66.5733 63.2456 64.4981 61.0574 62.6099 59.0593 60.9262 57.2713 59.4643 55.7136 4 5.65685 0 4 4 5.65685 8 8.94427 87.818 84.3801 80.9938 77.666 103.846 106.283 100 102.528 104.995 101.193 85.8836 72.111 84.0952 69.9714 82.4621 68 80.9938 66.2118 82.365 
155.589 150.147 152.735 147.187 149.933 144.278 152.84 147.078 104.307 98.387 100.955 94.8262 102.215 98.7927 100.24 96.7471 169.941 166.373 162.825 207.422 200 204.9 202.425 83.2346 75.1532 80 71.5542 80.9938 77.666 78.8923 75.4718 76.9415 73.4302 132.061 119.331 129.8 116.825 128.81 126.491 125.603 123.223 122.442 120 69.9714 66.5733 68 64.4981 66.2118 62.6099 64.622 60.9262 63.2456 59.4643 5.65685 4 4 0 5.65685 4 8.94427 8 85.8836 82.365 78.8923 75.4718 102.84 104.995 98.9545 101.193 103.846 100 89.4427 75.4718 87.7268 73.4302 86.1626 71.5542 84.7585 69.857 85.8836 
155.795 150.572 152.84 147.513 149.933 144.499 153.154 147.187 105.679 100.319 102.215 96.6644 103.769 100.24 101.98 98.387 171.814 168.19 164.584 208.038 200.878 205.602 203.214 84.3801 77.2528 80.9938 73.5391 82.365 78.8923 80.4984 76.9415 78.7909 75.1532 131.21 118.929 128.81 116.276 128.062 125.603 124.964 122.442 121.918 119.331 68.8186 65.6049 66.5733 63.2456 64.4981 61.0574 62.6099 59.0593 60.9262 57.2713 8 8.94427 4 5.65685 0 4 4 5.65685 91.3017 87.818 84.3801 80.9938 107.703 110.055 103.846 106.283 108.812 104.995 87.818 74.4043 85.8836 72.111 84.0952 69.9714 82.4621 68 84.3801 
158.493 153.154 155.589 150.147 152.735 147.187 155.795 149.933 107.703 101.98 104.307 98.387 105.679 102.215 103.769 100.24 173.528 169.941 166.373 210.523 203.214 208.038 205.602 86.5332 78.7909 83.2346 75.1532 84.3801 80.9938 82.365 78.8923 80.4984 76.9415 134.402 121.918 132.061 119.331 131.21 128.81 128.062 125.603 124.964 122.442 72.111 68.8186 69.9714 66.5733 68 64.4981 66.2118 62.6099 64.622 60.9262 8.94427 8 5.65685 4 4 0 5.65685 4 89.4427 85.8836 82.365 78.8923 106.733 108.812 102.84 104.995 107.703 103.846 91.3017 77.666 89.4427 75.4718 87.7268 73.4302 86.1626 71.5542 87.818 
158.795 153.675 155.795 150.572 152.84 147.513 156.205 150.147 109.179 104 105.679 100.319 107.331 103.769 105.603 101.98 175.454 171.814 168.19 211.206 204.157 208.806 206.456 87.818 80.9938 84.3801 77.2528 85.8836 82.365 84.0952 80.4984 82.4621 78.7909 133.686 121.655 131.21 118.929 130.599 128.062 127.562 124.964 124.579 121.918 71.218 68.1175 68.8186 65.6049 66.5733 63.2456 64.4981 61.0574 62.6099 59.0593 12 12.6491 8 8.94427 4 5.65685 0 4 94.8262 91.3017 87.818 84.3801 111.571 113.842 107.703 110.055 112.641 108.812 89.8888 76.8375 87.818 74.4043 85.8836 72.111 84.0952 69.9714 86.5332 
161.443 156.205 158.493 153.154 155.589 150.147 158.795 152.84 111.14 105.603 107.703 101.98 109.179 105.679 107.331 103.769 177.133 173.528 169.941 213.654 206.456 211.206 208.806 89.8888 82.4621 86.5332 78.7909 87.818 84.3801 85.8836 82.365 84.0952 80.4984 136.821 124.579 134.402 121.918 133.686 131.21 130.599 128.062 127.562 124.964 74.4043 71.218 72.111 68.8186 69.9714 66.5733 68 64.4981 66.2118 62.6099 12.6491 12 8.94427 8 5.65685 4 4 0 93.0376 89.4427 85.8836 82.365 110.635 112.641 106.733 108.812 111.571 107.703 93.2952 80 91.3017 77.666 89.4427 75.4718 87.7268 73.4302 89.8888 
152.315 144.554 151.42 143.611 150.625 142.773 148.432 146.697 96.7471 84.8528 96.3328 84.3801 92.7793 92.3472 88.8144 88.3629 138.679 136.528 134.462 191.416 180.71 187.83 184.261 88.3629 72.4431 88.8144 72.9932 84.3801 84.8528 80.399 80.895 76.4199 76.9415 148 132 148.054 132.061 144 144.056 140 140.057 136 136.059 107.703 104 109.252 105.603 110.923 107.331 112.712 109.179 114.612 111.14 84.3801 82.365 87.818 85.8836 91.3017 89.4427 94.8262 93.0376 0 4 8 12 28.8444 25.2982 25.6125 21.5407 26.8328 23.3238 125.284 110.055 126.491 111.427 127.812 112.925 129.244 114.543 121.458 
153.31 145.602 152.315 144.554 151.42 143.611 149.452 147.513 97.3242 85.5102 96.7471 84.8528 93.3809 92.7793 89.4427 88.8144 140.911 138.679 136.528 193.205 182.603 189.652 186.118 88.0909 72.111 88.3629 72.4431 84.0952 84.3801 80.0999 80.399 76.1052 76.4199 148.054 132.061 148 132 144.056 144 140.057 140 136.059 136 106.283 102.528 107.703 104 109.252 105.603 110.923 107.331 112.712 109.179 80.9938 78.8923 84.3801 82.365 87.818 85.8836 91.3017 89.4427 4 0 4 8 32.249 29.1204 28.8444 25.2982 30.4631 26.8328 124.193 108.812 125.284 110.055 126.491 111.427 127.812 112.925 120.333 
154.402 146.751 153.31 145.602 152.315 144.554 150.572 148.432 98.0612 86.3481 97.3242 85.5102 94.1488 93.3809 90.2441 89.4427 143.22 140.911 138.679 195.059 184.564 191.541 188.043 88 72 88.0909 72.111 84 84.0952 80 80.0999 76 76.1052 148.216 132.242 148.054 132.061 144.222 144.056 140.228 140.057 136.235 136.059 104.995 101.193 106.283 102.528 107.703 104 109.252 105.603 110.923 107.331 77.666 75.4718 80.9938 78.8923 84.3801 82.365 87.818 85.8836 8 4 0 4 35.7771 32.9848 32.249 29.1204 34.176 30.4631 123.223 107.703 124.193 108.812 125.284 110.055 126.491 111.427 119.331 
155.589 148 154.402 146.751 153.31 145.602 151.789 149.452 98.9545 87.3613 98.0612 86.3481 95.0789 94.1488 91.214 90.2441 145.602 143.22 140.911 196.977 186.59 193.494 190.032 88.0909 72.111 88 72 84.0952 84 80.0999 80 76.1052 76 148.486 132.544 148.216 132.242 144.499 144.222 140.513 140.228 136.528 136.235 103.846 100 104.995 101.193 106.283 102.528 107.703 104 109.252 105.603 74.4043 72.111 77.666 75.4718 80.9938 78.8923 84.3801 82.365 12 8 4 0 39.3954 36.8782 35.7771 32.9848 37.9473 34.176 122.376 106.733 123.223 107.703 124.193 108.812 125.284 110.055 118.457 
132.544 124.579 132.242 124.258 132.061 124.064 128.561 128.062 80.895 69.0507 81.5843 69.857 76.9415 77.666 72.9932 73.7564 112.712 110.923 109.252 167.141 156 163.414 159.7 78.7909 64.4981 80.4984 66.5733 75.1532 76.9415 71.5542 73.4302 68 69.9714 134.164 118.457 134.937 119.331 130.231 131.027 126.301 127.122 122.376 123.223 105.603 102.45 108.074 104.995 110.635 107.629 113.278 110.345 116 113.137 100 98.9545 103.846 102.84 107.703 106.733 111.571 110.635 28.8444 32.249 35.7771 39.3954 0 8 4 8.94427 4 5.65685 120.067 106.508 122.115 108.812 124.258 111.212 126.491 113.701 116.619 
140.513 132.544 140.228 132.242 140.057 132.061 136.528 136.059 88.8144 76.9415 89.4427 77.666 84.8528 85.5102 80.895 81.5843 119.867 118.186 116.619 174.631 163.414 170.88 167.141 86.1626 71.5542 87.7268 73.4302 82.4621 84.0952 78.7909 80.4984 75.1532 76.9415 142.042 126.301 142.773 127.122 138.101 138.852 134.164 134.937 130.231 131.027 112.071 108.812 114.403 111.212 116.825 113.701 119.331 116.276 121.918 118.929 102.528 101.193 106.283 104.995 110.055 108.812 113.842 112.641 25.2982 29.1204 32.9848 36.8782 8 0 8.94427 4 4 5.65685 127.059 113.208 128.996 115.378 131.027 117.644 133.147 120 123.548 
132.966 125.028 132.544 124.579 132.242 124.258 128.996 128.25 80.399 68.469 80.895 69.0507 76.4199 76.9415 72.4431 72.9932 114.612 112.712 110.923 168.618 157.582 164.924 161.245 77.2528 62.6099 78.7909 64.4981 73.5391 75.1532 69.857 71.5542 66.2118 68 133.507 117.712 134.164 118.457 129.553 130.231 125.603 126.301 121.655 122.376 103.228 100 105.603 102.45 108.074 104.995 110.635 107.629 113.278 110.345 96.1665 95.0789 100 98.9545 103.846 102.84 107.703 106.733 25.6125 28.8444 32.249 35.7771 4 8.94427 0 8 5.65685 4 118.119 104.307 120.067 106.508 122.115 108.812 124.258 111.212 114.612 
