0 8 4 8.94427 8 11.3137 12 14.4222 4 12.6491 89.4427 95.4149 93.0376 98.7927 96.6644 102.215 91.3017 98.387 93.2952 100.24 94.4034 92.0869 89.8888 87.818 68.469 84.3801 68.1175 84.0952 68 84 72.4431 72 76.4199 76 80.399 80 113.701 124.451 110.635 121.655 107.629 118.929 116.276 110.345 118.929 113.137 121.655 116 84.8528 96.8297 87.7268 99.3579 90.6863 101.98 93.723 104.69 96.8297 107.48 87.7268 99.3579 90.6863 101.98 93.723 104.69 116.619 124.064 115.169 122.703 113.842 121.458 112.641 120.333 120.333 116.482 45.607 34.4093 42.5206 39.598 36.8782 29.1204 
8 0 8.94427 4 11.3137 8 14.4222 12 4 12.6491 86.1626 91.3017 89.8888 94.8262 93.6376 98.387 87.7268 95.0789 89.4427 96.6644 100.955 98.7927 96.7471 94.8262 60.531 76.4199 60.1332 76.1052 60 76 64.4981 64 68.469 68 72.4431 72 108.812 118.929 105.603 116 102.45 113.137 111.212 104.995 113.701 107.629 116.276 110.345 79.3977 90.6863 82.4621 93.3809 85.6037 96.1665 88.8144 99.0353 92.0869 101.98 82.0731 94.4034 84.8528 96.8297 87.7268 99.3579 109.252 116.619 107.703 115.169 106.283 113.842 104.995 112.641 112.925 108.812 52.1536 39.598 48.8262 45.607 42.5206 28 
4 8.94427 0 8 4 8.94427 8 11.3137 5.65685 8.94427 85.8836 92.0869 89.4427 95.4149 93.0376 98.7927 87.818 94.8262 89.8888 96.7471 96.8297 94.4034 92.0869 89.8888 69.0507 84.8528 68.469 84.3801 68.1175 84.0952 72.9932 72.111 76.9415 76.1052 80.895 80.0999 116.825 127.311 113.701 124.451 110.635 121.655 119.331 113.278 121.918 116 124.579 118.794 82.0731 94.4034 84.8528 96.8297 87.7268 99.3579 90.6863 101.98 93.723 104.69 85.0412 96.3328 88.0909 99.0353 91.214 101.823 118.186 125.539 116.619 124.064 115.169 122.703 113.842 121.458 121.852 117.644 48.1664 37.7359 45.2548 42.5206 40 32.9848 
8.94427 4 8 0 8.94427 4 11.3137 8 5.65685 8.94427 82.4621 87.818 86.1626 91.3017 89.8888 94.8262 84.0952 91.3893 85.8836 93.0376 103.228 100.955 98.7927 96.7471 61.1882 76.9415 60.531 76.4199 60.1332 76.1052 65.1153 64.1249 69.0507 68.1175 72.9932 72.111 112.071 121.918 108.812 118.929 105.603 116 114.403 108.074 116.825 110.635 119.331 113.278 76.4199 88.0909 79.3977 90.6863 82.4621 93.3809 85.6037 96.1665 88.8144 99.0353 79.196 91.214 82.0731 93.723 85.0412 96.3328 110.923 118.186 109.252 116.619 107.703 115.169 106.283 113.842 114.543 110.055 54.4059 42.5206 51.225 48.1664 45.2548 32 
8 11.3137 4 8.94427 0 8 4 8.94427 8.94427 5.65685 82.365 88.8144 85.8836 92.0869 89.4427 95.4149 84.3801 91.3017 86.5332 93.2952 99.3579 96.8297 94.4034 92.0869 69.857 85.5102 69.0507 84.8528 68.469 84.3801 73.7564 72.4431 77.666 76.4199 81.5843 80.399 120 130.231 116.825 127.311 113.701 124.451 122.442 116.276 124.964 118.929 127.562 121.655 79.3977 92.0869 82.0731 94.4034 84.8528 96.8297 87.7268 99.3579 90.6863 101.98 82.4621 93.3809 85.6037 96.1665 88.8144 99.0353 119.867 127.122 118.186 125.539 116.619 124.064 115.169 122.703 123.483 118.929 50.9117 41.1825 48.1664 45.607 43.2666 36.8782 
11.3137 8 8.94427 4 8 0 8.94427 4 8.94427 5.65685 78.7909 84.3801 82.4621 87.818 86.1626 91.3017 80.4984 87.7268 82.365 89.4427 105.603 103.228 100.955 98.7927 62.0967 77.666 61.1882 76.9415 60.531 76.4199 65.9697 64.4981 69.857 68.469 73.7564 72.4431 115.378 124.964 112.071 121.918 108.812 118.929 117.644 111.212 120 113.701 122.442 116.276 73.5391 85.6037 76.4199 88.0909 79.3977 90.6863 82.4621 93.3809 85.6037 96.1665 76.4199 88.0909 79.3977 90.6863 82.4621 93.3809 112.712 119.867 110.923 118.186 109.252 116.619 107.703 115.169 116.276 111.427 56.8507 45.607 53.8145 50.9117 48.1664 36 
12 14.4222 8 11.3137 4 8.94427 0 8 12.6491 4 78.8923 85.6037 82.365 88.8144 85.8836 92.0869 80.9938 87.818 83.2346 89.8888 101.98 99.3579 96.8297 94.4034 70.8802 86.3481 69.857 85.5102 69.0507 84.8528 74.7262 72.9932 78.5875 76.9415 82.4621 80.895 123.223 133.207 120 130.231 116.825 127.311 125.603 119.331 128.062 121.918 130.599 124.579 76.8375 89.8888 79.3977 92.0869 82.0731 94.4034 84.8528 96.8297 87.7268 99.3579 80 90.5097 83.2346 93.3809 86.5332 96.3328 121.655 128.81 119.867 127.122 118.186 125.539 116.619 124.064 125.22 120.333 53.8145 44.7214 51.225 48.8262 46.6476 40.7922 
14.4222 12 11.3137 8 8.94427 4 8 0 12.6491 4 75.1532 80.9938 78.7909 84.3801 82.4621 87.818 76.9415 84.0952 78.8923 85.8836 108.074 105.603 103.228 100.955 63.2456 78.5875 62.0967 77.666 61.1882 76.9415 67.0522 65.1153 70.8802 69.0507 74.7262 72.9932 118.727 128.062 115.378 124.964 112.071 121.918 120.93 114.403 123.223 116.825 125.603 119.331 70.7672 83.2346 73.5391 85.6037 76.4199 88.0909 79.3977 90.6863 82.4621 93.3809 73.7564 85.0412 76.8375 87.7268 80 90.5097 114.612 121.655 112.712 119.867 110.923 118.186 109.252 116.619 118.119 112.925 59.4643 48.8262 56.5685 53.8145 51.225 40 
4 4 5.65685 5.65685 8.94427 8.94427 12.6491 12.6491 0 12 87.7268 93.2952 91.3893 96.7471 95.0789 100.24 89.4427 96.6644 91.3017 98.387 97.6524 95.4149 93.2952 91.3017 64.4981 80.399 64.1249 80.0999 64 80 68.469 68 72.4431 72 76.4199 76 111.212 121.655 108.074 118.794 104.995 116 113.701 107.629 116.276 110.345 118.929 113.137 82.0731 93.723 85.0412 96.3328 88.0909 99.0353 91.214 101.823 94.4034 104.69 84.8528 96.8297 87.7268 99.3579 90.6863 101.98 112.925 120.333 111.427 118.929 110.055 117.644 108.812 116.482 116.619 112.641 48.8262 36.8782 45.607 42.5206 39.598 28.2843 
12.6491 12.6491 8.94427 8.94427 5.65685 5.65685 4 4 12 0 76.9415 83.2346 80.4984 86.5332 84.0952 89.8888 78.8923 85.8836 80.9938 87.818 104.995 102.45 100 97.6524 67.0522 82.4621 65.9697 81.5843 65.1153 80.895 70.8802 69.0507 74.7262 72.9932 78.5875 76.9415 120.93 130.599 117.644 127.562 114.403 124.579 123.223 116.825 125.603 119.331 128.062 121.918 73.7564 86.5332 76.4199 88.8144 79.196 91.214 82.0731 93.723 85.0412 96.3328 76.8375 87.7268 80 90.5097 83.2346 93.3809 118.119 125.22 116.276 123.483 114.543 121.852 112.925 120.333 121.655 116.619 56.5685 46.6476 53.8145 51.225 48.8262 40.1995 
89.4427 86.1626 85.8836 82.4621 82.365 78.7909 78.8923 75.1532 87.7268 76.9415 0 12 4 12.6491 8 14.4222 4 8.94427 8 11.3137 178.751 175.727 172.743 169.8 92.3472 98.387 88.5438 94.8262 84.7585 91.3017 93.6376 86.1626 95.0789 87.7268 96.6644 89.4427 171.02 174.723 167.093 170.88 163.169 167.045 171.814 164 172.696 164.924 173.666 165.94 28.2843 41.1825 25.6125 39.3954 23.3238 37.9473 21.5407 36.8782 20.3961 36.2215 31.241 24.3311 34.4093 28.2843 37.7359 32.249 141.421 145.437 137.928 142.042 134.462 138.679 131.027 135.351 143.388 133.147 132.061 123.548 129.8 127.624 125.539 112.641 
95.4149 91.3017 92.0869 87.818 88.8144 84.3801 85.6037 80.9938 93.2952 83.2346 12 0 12.6491 4 14.4222 8 8 11.3137 4 8.94427 186.762 183.87 181.019 178.213 89.4427 93.6376 85.5102 89.8888 81.5843 86.1626 90.2441 82.4621 91.214 83.5225 92.3472 84.7585 169.186 171.814 165.215 167.905 161.245 164 169.706 161.79 170.317 162.432 171.02 163.169 21.5407 31.241 17.8885 28.8444 14.4222 26.8328 11.3137 25.2982 8.94427 24.3311 23.3238 12.6491 25.6125 16.4924 28.2843 20.3961 136.059 139.542 132.424 136 128.81 132.484 125.22 128.996 137.753 127.059 139.313 129.8 136.821 134.402 132.061 116.619 
93.0376 89.8888 89.4427 86.1626 85.8836 82.4621 82.365 78.7909 91.3893 80.4984 4 12.6491 0 12 4 12.6491 5.65685 5.65685 8.94427 8.94427 181.813 178.751 175.727 172.743 96.1665 101.98 92.3472 98.387 88.5438 94.8262 97.4064 89.8888 98.7927 91.3893 100.319 93.0376 174.951 178.572 171.02 174.723 167.093 170.88 175.727 167.905 176.59 168.808 177.539 169.8 31.241 43.2666 28.2843 41.1825 25.6125 39.3954 23.3238 37.9473 21.5407 36.8782 33.9411 25.2982 36.8782 29.1204 40 32.9848 144.941 148.862 141.421 145.437 137.928 142.042 134.462 138.679 146.86 136.528 135.351 127.059 133.147 131.027 128.996 116.482 
98.7927 94.8262 95.4149 91.3017 92.0869 87.818 88.8144 84.3801 96.7471 86.5332 12.6491 4 12 0 12.6491 4 8.94427 8.94427 5.65685 5.65685 189.694 186.762 183.87 181.019 93.3809 97.4064 89.4427 93.6376 85.5102 89.8888 94.1488 86.3481 95.0789 87.3613 96.1665 88.5438 173.159 175.727 169.186 171.814 165.215 167.905 173.666 165.747 174.264 166.373 174.951 167.093 25.2982 33.9411 21.5407 31.241 17.8885 28.8444 14.4222 26.8328 11.3137 25.2982 26.8328 14.4222 28.8444 17.8885 31.241 21.5407 139.714 143.108 136.059 139.542 132.424 136 128.81 132.484 141.365 130.599 142.436 133.147 140 137.637 135.351 120.333 
96.6644 93.6376 93.0376 89.8888 89.4427 86.1626 85.8836 82.4621 95.0789 84.0952 8 14.4222 4 12.6491 0 12 8.94427 4 11.3137 8 184.911 181.813 178.751 175.727 100 105.603 96.1665 101.98 92.3472 98.387 101.193 93.6376 102.528 95.0789 104 96.6644 178.885 182.428 174.951 178.572 171.02 174.723 179.644 171.814 180.488 172.696 181.417 173.666 34.4093 45.607 31.241 43.2666 28.2843 41.1825 25.6125 39.3954 23.3238 37.9473 36.8782 26.8328 39.598 30.4631 42.5206 34.176 148.486 152.315 144.941 148.862 141.421 145.437 137.928 142.042 150.36 139.943 138.679 130.599 136.528 134.462 132.484 120.333 
102.215 98.387 98.7927 94.8262 95.4149 91.3017 92.0869 87.818 100.24 89.8888 14.4222 8 12.6491 4 12 0 11.3137 8 8.94427 4 192.666 189.694 186.762 183.87 97.3242 101.193 93.3809 97.4064 89.4427 93.6376 98.0612 90.2441 98.9545 91.214 100 92.3472 177.133 179.644 173.159 175.727 169.186 171.814 177.629 169.706 178.213 170.317 178.885 171.02 29.1204 36.8782 25.2982 33.9411 21.5407 31.241 17.8885 28.8444 14.4222 26.8328 30.4631 16.9706 32.249 20 34.4093 23.3238 143.388 146.697 139.714 143.108 136.059 139.542 132.424 136 144.997 134.164 145.602 136.528 143.22 140.911 138.679 124.064 
91.3017 87.7268 87.818 84.0952 84.3801 80.4984 80.9938 76.9415 89.4427 78.8923 4 8 5.65685 8.94427 8.94427 11.3137 0 8 4 8.94427 181.373 178.393 175.454 172.557 91.214 96.6644 87.3613 93.0376 83.5225 89.4427 92.3472 84.7585 93.6376 86.1626 95.0789 87.7268 170.317 173.666 166.373 169.8 162.432 165.94 171.02 163.169 171.814 164 172.696 164.924 25.6125 37.7359 22.6274 35.7771 20 34.176 17.8885 32.9848 16.4924 32.249 28.2843 20.3961 31.241 24.3311 34.4093 28.2843 139.542 143.388 136 139.943 132.484 136.528 128.996 133.147 141.421 131.027 134.402 125.539 132.061 129.8 127.624 113.842 
98.387 95.0789 94.8262 91.3893 91.3017 87.7268 87.818 84.0952 96.6644 85.8836 8.94427 11.3137 5.65685 8.94427 4 8 8 0 8.94427 4 187.446 184.391 181.373 178.393 98.9545 104 95.0789 100.319 91.214 96.6644 100 92.3472 101.193 93.6376 102.528 95.0789 178.213 181.417 174.264 177.539 170.317 173.666 178.885 171.02 179.644 171.814 180.488 172.696 32.249 42.5206 28.8444 40 25.6125 37.7359 22.6274 35.7771 20 34.176 34.4093 23.3238 36.8782 26.8328 39.598 30.4631 146.697 150.36 143.108 146.86 139.542 143.388 136 139.943 148.486 137.928 140.911 132.484 138.679 136.528 134.462 121.458 
93.2952 89.4427 89.8888 85.8836 86.5332 82.365 83.2346 78.8923 91.3017 80.9938 8 4 8.94427 5.65685 11.3137 8.94427 4 8.94427 0 8 184.043 181.108 178.213 175.362 90.2441 95.0789 86.3481 91.3893 82.4621 87.7268 91.214 83.5225 92.3472 84.7585 93.6376 86.1626 169.706 172.696 165.747 168.808 161.79 164.924 170.317 162.432 171.02 163.169 171.814 164 23.3238 34.4093 20 32.249 16.9706 30.4631 14.4222 29.1204 12.6491 28.2843 25.6125 16.4924 28.2843 20.3961 31.241 24.3311 137.753 141.421 134.164 137.928 130.599 134.462 127.059 131.027 139.542 128.996 136.821 127.624 134.402 132.061 129.8 115.169 
100.24 96.6644 96.7471 93.0376 93.2952 89.4427 89.8888 85.8836 98.387 87.818 11.3137 8.94427 8.94427 5.65685 8 4 8.94427 4 8 0 190.032 187.019 184.043 181.108 98.0612 102.528 94.1488 98.7927 90.2441 95.0789 98.9545 91.214 100 92.3472 101.193 93.6376 177.629 180.488 173.666 176.59 169.706 172.696 178.213 170.317 178.885 171.02 179.644 171.814 30.4631 39.598 26.8328 36.8782 23.3238 34.4093 20 32.249 16.9706 30.4631 32.249 20 34.4093 23.3238 36.8782 26.8328 144.997 148.486 141.365 144.941 137.753 141.421 134.164 137.928 146.697 136 143.22 134.462 140.911 138.679 136.528 122.703 
94.4034 100.955 96.8297 103.228 99.3579 105.603 101.98 108.074 97.6524 104.995 178.751 186.762 181.813 189.694 184.911 192.666 181.373 187.446 184.043 190.032 0 4 8 12 151.789 167.045 153.101 168.238 154.506 169.517 155.589 158.24 159.399 161.988 163.218 165.747 151.42 167.093 150.625 166.373 149.933 165.747 155.332 153.883 159.248 157.835 163.169 161.79 178.751 191.207 181.373 193.659 184.043 196.163 186.762 198.716 189.526 201.316 181.813 192.416 184.911 195.346 188.043 198.313 184.391 192.375 184.694 192.666 185.084 193.039 185.559 193.494 188.383 189.526 48.8262 62.6099 52.1536 55.5698 59.0593 88.5438 
92.0869 98.7927 94.4034 100.955 96.8297 103.228 99.3579 105.603 95.4149 102.45 175.727 183.87 178.751 186.762 181.813 189.694 178.393 184.391 181.108 187.019 4 0 4 8 150.572 165.94 151.789 167.045 153.101 168.238 154.402 156.869 158.24 160.649 162.086 164.438 152.315 167.905 151.42 167.093 150.625 166.373 156.205 154.557 160.1 158.493 164 162.432 176.182 188.807 178.751 191.207 181.373 193.659 184.043 196.163 186.762 198.716 179.287 189.694 182.428 192.666 185.602 195.673 184.174 192.167 184.391 192.375 184.694 192.666 185.084 193.039 188.17 189.061 46.6476 60.9262 50.1199 53.6656 57.2713 87.3613 
89.8888 96.7471 92.0869 98.7927 94.4034 100.955 96.8297 103.228 93.2952 100 172.743 181.019 175.727 183.87 178.751 186.762 175.454 181.373 178.213 184.043 8 4 0 4 149.452 164.924 150.572 165.94 151.789 167.045 153.31 155.589 157.175 159.399 161.047 163.218 153.31 168.808 152.315 167.905 151.42 167.093 157.175 155.332 161.047 159.248 164.924 163.169 173.666 186.462 176.182 188.807 178.751 191.207 181.373 193.659 184.043 196.163 176.816 187.019 180 190.032 183.216 193.08 184.043 192.042 184.174 192.167 184.391 192.375 184.694 192.666 188.043 188.68 44.7214 59.4643 48.3322 52 55.7136 86.3481 
87.818 94.8262 89.8888 96.7471 92.0869 98.7927 94.4034 100.955 91.3017 97.6524 169.8 178.213 172.743 181.019 175.727 183.87 172.557 178.393 175.362 181.108 12 8 4 0 148.432 164 149.452 164.924 150.572 165.94 152.315 154.402 156.205 158.24 160.1 162.086 154.402 169.8 153.31 168.808 152.315 167.905 158.24 156.205 162.086 160.1 165.94 164 171.207 184.174 173.666 186.462 176.182 188.807 178.751 191.207 181.373 193.659 174.402 184.391 177.629 187.446 180.887 190.536 184 192 184.043 192.042 184.174 192.167 184.391 192.375 188 188.383 43.0813 58.2409 46.8188 50.5964 54.4059 85.5102 
68.469 60.531 69.0507 61.1882 69.857 62.0967 70.8802 63.2456 64.4981 67.0522 92.3472 89.4427 96.1665 93.3809 100 97.3242 91.214 98.9545 90.2441 98.0612 151.789 150.572 149.452 148.432 0 16 4 16.4924 8 17.8885 4 8.94427 8 11.3137 12 14.4222 80.0999 82.4621 76.1052 78.5875 72.111 74.7262 80.399 72.4431 80.895 72.9932 81.5843 73.7564 68.469 68.469 72.4431 72.4431 76.4199 76.4199 80.399 80.399 84.3801 84.3801 68.1175 84.0952 68 84 68.1175 84.0952 53.8145 60 51.225 57.6888 48.8262 55.5698 46.6476 53.6656 56.8507 50.1199 105.906 90.2441 101.98 98.0612 94.1488 63.2456 
84.3801 76.4199 84.8528 76.9415 85.5102 77.666 86.3481 78.5875 80.399 82.4621 98.387 93.6376 101.98 97.4064 105.603 101.193 96.6644 104 95.0789 102.528 167.045 165.94 164.924 164 16 0 16.4924 4 17.8885 8 12 14.4222 8 11.3137 4 8.94427 80.895 80.0999 76.9415 76.1052 72.9932 72.111 80.399 72.4431 80.0999 72.111 80 72 72.111 68.469 75.8947 72.4431 79.6994 76.4199 83.5225 80.399 87.3613 84.3801 70.8802 86.3481 69.857 85.5102 69.0507 84.8528 43.2666 48.1664 40 45.2548 36.8782 42.5206 33.9411 40 45.607 36.8782 121.655 105.906 117.712 113.772 109.836 78.5875 
68.1175 60.1332 68.469 60.531 69.0507 61.1882 69.857 62.0967 64.1249 65.9697 88.5438 85.5102 92.3472 89.4427 96.1665 93.3809 87.3613 95.0789 86.3481 94.1488 153.101 151.789 150.572 149.452 4 16.4924 0 16 4 16.4924 5.65685 5.65685 8.94427 8.94427 12.6491 12.6491 84.0952 86.3481 80.0999 82.4621 76.1052 78.5875 84.3801 76.4199 84.8528 76.9415 85.5102 77.666 64.4981 64.4981 68.469 68.469 72.4431 72.4431 76.4199 76.4199 80.399 80.399 64.1249 80.0999 64 80 64.1249 80.0999 56.5685 62.482 53.8145 60 51.225 57.6888 48.8262 55.5698 59.4643 52.1536 106.733 91.214 102.84 98.9545 95.0789 64.622 
84.0952 76.1052 84.3801 76.4199 84.8528 76.9415 85.5102 77.666 80.0999 81.5843 94.8262 89.8888 98.387 93.6376 101.98 97.4064 93.0376 100.319 91.3893 98.7927 168.238 167.045 165.94 164.924 16.4924 4 16 0 16.4924 4 12.6491 12.6491 8.94427 8.94427 5.65685 5.65685 84.8528 84.0952 80.895 80.0999 76.9415 76.1052 84.3801 76.4199 84.0952 76.1052 84 76 68.352 64.4981 72.111 68.469 75.8947 72.4431 79.6994 76.4199 83.5225 80.399 67.0522 82.4621 65.9697 81.5843 65.1153 80.895 46.6476 51.225 43.2666 48.1664 40 45.2548 36.8782 42.5206 48.8262 39.598 122.376 106.733 118.457 114.543 110.635 79.6994 
68 60 68.1175 60.1332 68.469 60.531 69.0507 61.1882 64 65.1153 84.7585 81.5843 88.5438 85.5102 92.3472 89.4427 83.5225 91.214 82.4621 90.2441 154.506 153.101 151.789 150.572 8 17.8885 4 16.4924 0 16 8.94427 4 11.3137 8 14.4222 12 88.0909 90.2441 84.0952 86.3481 80.0999 82.4621 88.3629 80.399 88.8144 80.895 89.4427 81.5843 60.531 60.531 64.4981 64.4981 68.469 68.469 72.4431 72.4431 76.4199 76.4199 60.1332 76.1052 60 76 60.1332 76.1052 59.4643 65.1153 56.5685 62.482 53.8145 60 51.225 57.6888 62.2254 54.4059 107.703 92.3472 103.846 100 96.1665 66.2118 
84 76 84.0952 76.1052 84.3801 76.4199 84.8528 76.9415 80 80.895 91.3017 86.1626 94.8262 89.8888 98.387 93.6376 89.4427 96.6644 87.7268 95.0789 169.517 168.238 167.045 165.94 17.8885 8 16.4924 4 16 0 14.4222 12 11.3137 8 8.94427 4 88.8144 88.0909 84.8528 84.0952 80.895 80.0999 88.3629 80.399 88.0909 80.0999 88 80 64.622 60.531 68.352 64.4981 72.111 68.469 75.8947 72.4431 79.6994 76.4199 63.2456 78.5875 62.0967 77.666 61.1882 76.9415 50.1199 54.4059 46.6476 51.225 43.2666 48.1664 40 45.2548 52.1536 42.5206 123.223 107.703 119.331 115.447 111.571 80.9938 
72.4431 64.4981 72.9932 65.1153 73.7564 65.9697 74.7262 67.0522 68.469 70.8802 93.6376 90.2441 97.4064 94.1488 101.193 98.0612 92.3472 100 91.214 98.9545 155.589 154.402 153.31 152.315 4 12 5.65685 12.6491 8.94427 14.4222 0 8 4 8.94427 8 11.3137 80 81.5843 76 77.666 72 73.7564 80.0999 72.111 80.399 72.4431 80.895 72.9932 69.0507 68.1175 72.9932 72.111 76.9415 76.1052 80.895 80.0999 84.8528 84.0952 68.469 84.3801 68.1175 84.0952 68 84 50.9117 56.8507 48.1664 54.4059 45.607 52.1536 43.2666 50.1199 53.8145 46.6476 109.836 94.1488 105.906 101.98 98.0612 67.0522 
72 64 72.111 64.1249 72.4431 64.4981 72.9932 65.1153 68 69.0507 86.1626 82.4621 89.8888 86.3481 93.6376 90.2441 84.7585 92.3472 83.5225 91.214 158.24 156.869 155.589 154.402 8.94427 14.4222 5.65685 12.6491 4 12 8 0 8.94427 4 11.3137 8 88 89.4427 84 85.5102 80 81.5843 88.0909 80.0999 88.3629 80.399 88.8144 80.895 61.1882 60.1332 65.1153 64.1249 69.0507 68.1175 72.9932 72.111 76.9415 76.1052 60.531 76.4199 60.1332 76.1052 60 76 56.8507 62.2254 53.8145 59.4643 50.9117 56.8507 48.1664 54.4059 59.4643 51.225 111.571 96.1665 107.703 103.846 100 69.857 
76.4199 68.469 76.9415 69.0507 77.666 69.857 78.5875 70.8802 72.4431 74.7262 95.0789 91.214 98.7927 95.0789 102.528 98.9545 93.6376 101.193 92.3472 100 159.399 158.24 157.175 156.205 8 8 8.94427 8.94427 11.3137 11.3137 4 8.94427 0 8 4 8.94427 80.0999 80.895 76.1052 76.9415 72.111 72.9932 80 72 80.0999 72.111 80.399 72.4431 69.857 68 73.7564 72 77.666 76 81.5843 80 85.5102 84 69.0507 84.8528 68.469 84.3801 68.1175 84.0952 48.1664 53.8145 45.2548 51.225 42.5206 48.8262 40 46.6476 50.9117 43.2666 113.772 98.0612 109.836 105.906 101.98 70.8802 
76 68 76.1052 68.1175 76.4199 68.469 76.9415 69.0507 72 72.9932 87.7268 83.5225 91.3893 87.3613 95.0789 91.214 86.1626 93.6376 84.7585 92.3472 161.988 160.649 159.399 158.24 11.3137 11.3137 8.94427 8.94427 8 8 8.94427 4 8 0 8.94427 4 88.0909 88.8144 84.0952 84.8528 80.0999 80.895 88 80 88.0909 80.0999 88.3629 80.399 62.0967 60 65.9697 64 69.857 68 73.7564 72 77.666 76 61.1882 76.9415 60.531 76.4199 60.1332 76.1052 54.4059 59.4643 51.225 56.5685 48.1664 53.8145 45.2548 51.225 56.8507 48.1664 115.447 100 111.571 107.703 103.846 73.5391 
80.399 72.4431 80.895 72.9932 81.5843 73.7564 82.4621 74.7262 76.4199 78.5875 96.6644 92.3472 100.319 96.1665 104 100 95.0789 102.528 93.6376 101.193 163.218 162.086 161.047 160.1 12 4 12.6491 5.65685 14.4222 8.94427 8 11.3137 4 8.94427 0 8 80.399 80.399 76.4199 76.4199 72.4431 72.4431 80.0999 72.111 80 72 80.0999 72.111 70.8802 68.1175 74.7262 72.111 78.5875 76.1052 82.4621 80.0999 86.3481 84.0952 69.857 85.5102 69.0507 84.8528 68.469 84.3801 45.607 50.9117 42.5206 48.1664 39.598 45.607 36.8782 43.2666 48.1664 40 117.712 101.98 113.772 109.836 105.906 74.7262 
80 72 80.0999 72.111 80.399 72.4431 80.895 72.9932 76 76.9415 89.4427 84.7585 93.0376 88.5438 96.6644 92.3472 87.7268 95.0789 86.1626 93.6376 165.747 164.438 163.218 162.086 14.4222 8.94427 12.6491 5.65685 12 4 11.3137 8 8.94427 4 8 0 88.3629 88.3629 84.3801 84.3801 80.399 80.399 88.0909 80.0999 88 80 88.0909 80.0999 63.2456 60.1332 67.0522 64.1249 70.8802 68.1175 74.7262 72.111 78.5875 76.1052 62.0967 77.666 61.1882 76.9415 60.531 76.4199 52.1536 56.8507 48.8262 53.8145 45.607 50.9117 42.5206 48.1664 54.4059 45.2548 119.331 103.846 115.447 111.571 107.703 77.2528 
113.701 108.812 116.825 112.071 120 115.378 123.223 118.727 111.212 120.93 171.02 169.186 174.951 173.159 178.885 177.133 170.317 178.213 169.706 177.629 151.42 152.315 153.31 154.402 80.0999 80.895 84.0952 84.8528 88.0909 88.8144 80 88 80.0999 88.0909 80.399 88.3629 0 16 4 16.4924 8 17.8885 4 8.94427 8 11.3137 12 14.4222 148.486 148.054 152.473 152.053 156.461 156.051 160.449 160.05 164.438 164.049 148.216 164.195 148.054 164.049 148 164 56.8507 62.2254 60 65.1153 63.2456 68.1175 66.5733 71.218 59.4643 68.8186 123.548 109.836 120.067 116.619 113.208 87.7268 
124.451 118.929 127.311 121.918 130.231 124.964 133.207 128.062 121.655 130.599 174.723 171.814 178.572 175.727 182.428 179.644 173.666 181.417 172.696 180.488 167.093 167.905 168.808 169.8 82.4621 80.0999 86.3481 84.0952 90.2441 88.0909 81.5843 89.4427 80.895 88.8144 80.399 88.3629 16 0 16.4924 4 17.8885 8 12 14.4222 8 11.3137 4 8.94427 150.625 148.486 154.557 152.473 158.493 156.461 162.432 160.449 166.373 164.438 149.933 165.747 149.345 165.215 148.862 164.779 48.3322 52.1536 52 55.5698 55.7136 59.0593 59.4643 62.6099 50.1199 60.9262 137.753 123.548 134.164 130.599 127.059 100 
110.635 105.603 113.701 108.812 116.825 112.071 120 115.378 108.074 117.644 167.093 165.215 171.02 169.186 174.951 173.159 166.373 174.264 165.747 173.666 150.625 151.42 152.315 153.31 76.1052 76.9415 80.0999 80.895 84.0952 84.8528 76 84 76.1052 84.0952 76.4199 84.3801 4 16.4924 0 16 4 16.4924 5.65685 5.65685 8.94427 8.94427 12.6491 12.6491 144.499 144.056 148.486 148.054 152.473 152.053 156.461 156.051 160.449 160.05 144.222 160.2 144.056 160.05 144 160 53.8145 59.4643 56.8507 62.2254 60 65.1153 63.2456 68.1175 56.5685 65.6049 121.655 107.703 118.119 114.612 111.14 85.0412 
121.655 116 124.451 118.929 127.311 121.918 130.231 124.964 118.794 127.562 170.88 167.905 174.723 171.814 178.572 175.727 169.8 177.539 168.808 176.59 166.373 167.093 167.905 168.808 78.5875 76.1052 82.4621 80.0999 86.3481 84.0952 77.666 85.5102 76.9415 84.8528 76.4199 84.3801 16.4924 4 16 0 16.4924 4 12.6491 12.6491 8.94427 8.94427 5.65685 5.65685 146.697 144.499 150.625 148.486 154.557 152.473 158.493 156.461 162.432 160.449 145.986 161.79 145.382 161.245 144.886 160.798 44.7214 48.8262 48.3322 52.1536 52 55.5698 55.7136 59.0593 46.6476 57.2713 136.059 121.655 132.424 128.81 125.22 97.6524 
107.629 102.45 110.635 105.603 113.701 108.812 116.825 112.071 104.995 114.403 163.169 161.245 167.093 165.215 171.02 169.186 162.432 170.317 161.79 169.706 149.933 150.625 151.42 152.315 72.111 72.9932 76.1052 76.9415 80.0999 80.895 72 80 72.111 80.0999 72.4431 80.399 8 17.8885 4 16.4924 0 16 8.94427 4 11.3137 8 14.4222 12 140.513 140.057 144.499 144.056 148.486 148.054 152.473 152.053 156.461 156.051 140.228 156.205 140.057 156.051 140 156 50.9117 56.8507 53.8145 59.4643 56.8507 62.2254 60 65.1153 53.8145 62.482 119.867 105.679 116.276 112.712 109.179 82.4621 
118.929 113.137 121.655 116 124.451 118.929 127.311 121.918 116 124.579 167.045 164 170.88 167.905 174.723 171.814 165.94 173.666 164.924 172.696 165.747 166.373 167.093 167.905 74.7262 72.111 78.5875 76.1052 82.4621 80.0999 73.7564 81.5843 72.9932 80.895 72.4431 80.399 17.8885 8 16.4924 4 16 0 14.4222 12 11.3137 8 8.94427 4 142.773 140.513 146.697 144.499 150.625 148.486 154.557 152.473 158.493 156.461 142.042 157.835 141.421 157.277 140.911 156.818 41.1825 45.607 44.7214 48.8262 48.3322 52.1536 52 55.5698 43.2666 53.6656 134.462 119.867 130.782 127.122 123.483 95.4149 
116.276 111.212 119.331 114.403 122.442 117.644 125.603 120.93 113.701 123.223 171.814 169.706 175.727 173.666 179.644 177.629 171.02 178.885 170.317 178.213 155.332 156.205 157.175 158.24 80.399 80.399 84.3801 84.3801 88.3629 88.3629 80.0999 88.0909 80 88 80.0999 88.0909 4 12 5.65685 12.6491 8.94427 14.4222 0 8 4 8.94427 8 11.3137 148.862 148 152.84 152 156.818 156 160.798 160 164.779 164 148.486 164.438 148.216 164.195 148.054 164.049 54.4059 59.4643 57.6888 62.482 61.0574 65.6049 64.4981 68.8186 56.8507 66.5733 127.059 113.208 123.548 120.067 116.619 90.6863 
110.345 104.995 113.278 108.074 116.276 111.212 119.331 114.403 107.629 116.825 164 161.79 167.905 165.747 171.814 169.706 163.169 171.02 162.432 170.317 153.883 154.557 155.332 156.205 72.4431 72.4431 76.4199 76.4199 80.399 80.399 72.111 80.0999 72 80 72.111 80.0999 8.94427 14.4222 5.65685 12.6491 4 12 8 0 8.94427 4 11.3137 8 140.911 140 144.886 144 148.862 148 152.84 152 156.818 156 140.513 156.461 140.228 156.205 140.057 156.051 48.1664 53.8145 51.225 56.5685 54.4059 59.4643 57.6888 62.482 50.9117 60 123.483 109.179 119.867 116.276 112.712 85.6037 
118.929 113.701 121.918 116.825 124.964 120 128.062 123.223 116.276 125.603 172.696 170.317 176.59 174.264 180.488 178.213 171.814 179.644 171.02 178.885 159.248 160.1 161.047 162.086 80.895 80.0999 84.8528 84.0952 88.8144 88.0909 80.399 88.3629 80.0999 88.0909 80 88 8 8 8.94427 8.94427 11.3137 11.3137 4 8.94427 0 8 4 8.94427 149.345 148.054 153.31 152.053 157.277 156.051 161.245 160.05 165.215 164.049 148.862 164.779 148.486 164.438 148.216 164.195 52.1536 56.8507 55.5698 60 59.0593 63.2456 62.6099 66.5733 54.4059 64.4981 130.599 116.619 127.059 123.548 120.067 93.723 
113.137 107.629 116 110.635 118.929 113.701 121.918 116.825 110.345 119.331 164.924 162.432 168.808 166.373 172.696 170.317 164 171.814 163.169 171.02 157.835 158.493 159.248 160.1 72.9932 72.111 76.9415 76.1052 80.895 80.0999 72.4431 80.399 72.111 80.0999 72 80 11.3137 11.3137 8.94427 8.94427 8 8 8.94427 4 8 0 8.94427 4 141.421 140.057 145.382 144.056 149.345 148.054 153.31 152.053 157.277 156.051 140.911 156.818 140.513 156.461 140.228 156.205 45.607 50.9117 48.8262 53.8145 52.1536 56.8507 55.5698 60 48.1664 57.6888 127.122 112.712 123.483 119.867 116.276 88.8144 
121.655 116.276 124.579 119.331 127.562 122.442 130.599 125.603 118.929 128.062 173.666 171.02 177.539 174.951 181.417 178.885 172.696 180.488 171.814 179.644 163.169 164 164.924 165.94 81.5843 80 85.5102 84 89.4427 88 80.895 88.8144 80.399 88.3629 80.0999 88.0909 12 4 12.6491 5.65685 14.4222 8.94427 8 11.3137 4 8.94427 0 8 149.933 148.216 153.883 152.21 157.835 156.205 161.79 160.2 165.747 164.195 149.345 165.215 148.862 164.779 148.486 164.438 50.1199 54.4059 53.6656 57.6888 57.2713 61.0574 60.9262 64.4981 52.1536 62.6099 134.164 120.067 130.599 127.059 123.548 96.8297 
116 110.345 118.794 113.278 121.655 116.276 124.579 119.331 113.137 121.918 165.94 163.169 169.8 167.093 173.666 171.02 164.924 172.696 164 171.814 161.79 162.432 163.169 164 73.7564 72 77.666 76 81.5843 80 72.9932 80.895 72.4431 80.399 72.111 80.0999 14.4222 8.94427 12.6491 5.65685 12 4 11.3137 8 8.94427 4 8 0 142.042 140.228 145.986 144.222 149.933 148.216 153.883 152.21 157.835 156.205 141.421 157.277 140.911 156.818 140.513 156.461 43.2666 48.1664 46.6476 51.225 50.1199 54.4059 53.6656 57.6888 45.607 55.5698 130.782 116.276 127.122 123.483 119.867 92.0869 
84.8528 79.3977 82.0731 76.4199 79.3977 73.5391 76.8375 70.7672 82.0731 73.7564 28.2843 21.5407 31.241 25.2982 34.4093 29.1204 25.6125 32.249 23.3238 30.4631 178.751 176.182 173.666 171.207 68.469 72.111 64.4981 68.352 60.531 64.622 69.0507 61.1882 69.857 62.0967 70.8802 63.2456 148.486 150.625 144.499 146.697 140.513 142.773 148.862 140.911 149.345 141.421 149.933 142.042 0 16 4 16.4924 8 17.8885 12 20 16 22.6274 4 16.4924 8 17.8885 12 20 114.543 118.119 110.923 114.612 107.331 111.14 103.769 107.703 116.276 105.679 130.231 118.929 127.311 124.451 121.655 102.215 
96.8297 90.6863 94.4034 88.0909 92.0869 85.6037 89.8888 83.2346 93.723 86.5332 41.1825 31.241 43.2666 33.9411 45.607 36.8782 37.7359 42.5206 34.4093 39.598 191.207 188.807 186.462 184.174 68.469 68.469 64.4981 64.4981 60.531 60.531 68.1175 60.1332 68 60 68.1175 60.1332 148.054 148.486 144.056 144.499 140.057 140.513 148 140 148.054 140.057 148.216 140.228 16 0 16.4924 4 17.8885 8 20 12 22.6274 16 12 20 8 17.8885 4 16.4924 108.812 111.427 104.995 107.703 101.193 104 97.4064 100.319 110.055 98.7927 142.436 130.231 139.313 136.235 133.207 111.212 
87.7268 82.4621 84.8528 79.3977 82.0731 76.4199 79.3977 73.5391 85.0412 76.4199 25.6125 17.8885 28.2843 21.5407 31.241 25.2982 22.6274 28.8444 20 26.8328 181.373 178.751 176.182 173.666 72.4431 75.8947 68.469 72.111 64.4981 68.352 72.9932 65.1153 73.7564 65.9697 74.7262 67.0522 152.473 154.557 148.486 150.625 144.499 146.697 152.84 144.886 153.31 145.382 153.883 145.986 4 16.4924 0 16 4 16.4924 8 17.8885 12 20 5.65685 12.6491 8.94427 14.4222 12.6491 16.9706 118.186 121.655 114.543 118.119 110.923 114.612 107.331 111.14 119.867 109.179 132.966 121.918 130.108 127.311 124.579 105.679 
99.3579 93.3809 96.8297 90.6863 94.4034 88.0909 92.0869 85.6037 96.3328 88.8144 39.3954 28.8444 41.1825 31.241 43.2666 33.9411 35.7771 40 32.249 36.8782 193.659 191.207 188.807 186.462 72.4431 72.4431 68.469 68.469 64.4981 64.4981 72.111 64.1249 72 64 72.111 64.1249 152.053 152.473 148.054 148.486 144.056 144.499 152 144 152.053 144.056 152.21 144.222 16.4924 4 16 0 16.4924 4 17.8885 8 20 12 12.6491 16.9706 8.94427 14.4222 5.65685 12.6491 112.641 115.169 108.812 111.427 104.995 107.703 101.193 104 113.842 102.528 144.941 132.966 141.873 138.852 135.882 114.403 
90.6863 85.6037 87.7268 82.4621 84.8528 79.3977 82.0731 76.4199 88.0909 79.196 23.3238 14.4222 25.6125 17.8885 28.2843 21.5407 20 25.6125 16.9706 23.3238 184.043 181.373 178.751 176.182 76.4199 79.6994 72.4431 75.8947 68.469 72.111 76.9415 69.0507 77.666 69.857 78.5875 70.8802 156.461 158.493 152.473 154.557 148.486 150.625 156.818 148.862 157.277 149.345 157.835 149.933 8 17.8885 4 16.4924 0 16 4 16.4924 8 17.8885 8.94427 8.94427 11.3137 11.3137 14.4222 14.4222 121.852 125.22 118.186 121.655 114.543 118.119 110.923 114.612 123.483 112.712 135.765 124.964 132.966 130.231 127.562 109.179 
101.98 96.1665 99.3579 93.3809 96.8297 90.6863 94.4034 88.0909 99.0353 91.214 37.9473 26.8328 39.3954 28.8444 41.1825 31.241 34.176 37.7359 30.4631 34.4093 196.163 193.659 191.207 188.807 76.4199 76.4199 72.4431 72.4431 68.469 68.469 76.1052 68.1175 76 68 76.1052 68.1175 156.051 156.461 152.053 152.473 148.054 148.486 156 148 156.051 148.054 156.205 148.216 17.8885 8 16.4924 4 16 0 16.4924 4 17.8885 8 14.4222 14.4222 11.3137 11.3137 8.94427 8.94427 116.482 118.929 112.641 115.169 108.812 111.427 104.995 107.703 117.644 106.283 147.513 135.765 144.499 141.534 138.622 117.644 
93.723 88.8144 90.6863 85.6037 87.7268 82.4621 84.8528 79.3977 91.214 82.0731 21.5407 11.3137 23.3238 14.4222 25.6125 17.8885 17.8885 22.6274 14.4222 20 186.762 184.043 181.373 178.751 80.399 83.5225 76.4199 79.6994 72.4431 75.8947 80.895 72.9932 81.5843 73.7564 82.4621 74.7262 160.449 162.432 156.461 158.493 152.473 154.557 160.798 152.84 161.245 153.31 161.79 153.883 12 20 8 17.8885 4 16.4924 0 16 4 16.4924 12.6491 5.65685 14.4222 8.94427 16.9706 12.6491 125.539 128.81 121.852 125.22 118.186 121.655 114.543 118.119 127.122 116.276 138.622 128.062 135.882 133.207 130.599 112.712 
104.69 99.0353 101.98 96.1665 99.3579 93.3809 96.8297 90.6863 101.823 93.723 36.8782 25.2982 37.9473 26.8328 39.3954 28.8444 32.9848 35.7771 29.1204 32.249 198.716 196.163 193.659 191.207 80.399 80.399 76.4199 76.4199 72.4431 72.4431 80.0999 72.111 80 72 80.0999 72.111 160.05 160.449 156.051 156.461 152.053 152.473 160 152 160.05 152.053 160.2 152.21 20 12 17.8885 8 16.4924 4 16 0 16.4924 4 16.9706 12.6491 14.4222 8.94427 12.6491 5.65685 120.333 122.703 116.482 118.929 112.641 115.169 108.812 111.427 121.458 110.055 150.147 138.622 147.187 144.278 141.421 120.93 
96.8297 92.0869 93.723 88.8144 90.6863 85.6037 87.7268 82.4621 94.4034 85.0412 20.3961 8.94427 21.5407 11.3137 23.3238 14.4222 16.4924 20 12.6491 16.9706 189.526 186.762 184.043 181.373 84.3801 87.3613 80.399 83.5225 76.4199 79.6994 84.8528 76.9415 85.5102 77.666 86.3481 78.5875 164.438 166.373 160.449 162.432 156.461 158.493 164.779 156.818 165.215 157.277 165.747 157.835 16 22.6274 12 20 8 17.8885 4 16.4924 0 16 16.4924 4 17.8885 8 20 12 129.244 132.424 125.539 128.81 121.852 125.22 118.186 121.655 130.782 119.867 141.534 131.21 138.852 136.235 133.686 116.276 
107.48 101.98 104.69 99.0353 101.98 96.1665 99.3579 93.3809 104.69 96.3328 36.2215 24.3311 36.8782 25.2982 37.9473 26.8328 32.249 34.176 28.2843 30.4631 201.316 198.716 196.163 193.659 84.3801 84.3801 80.399 80.399 76.4199 76.4199 84.0952 76.1052 84 76 84.0952 76.1052 164.049 164.438 160.05 160.449 156.051 156.461 164 156 164.049 156.051 164.195 156.205 22.6274 16 20 12 17.8885 8 16.4924 4 16 0 20 12 17.8885 8 16.4924 4 124.193 126.491 120.333 122.703 116.482 118.929 112.641 115.169 125.284 113.842 152.84 141.534 149.933 147.078 144.278 124.258 
87.7268 82.0731 85.0412 79.196 82.4621 76.4199 80 73.7564 84.8528 76.8375 31.241 23.3238 33.9411 26.8328 36.8782 30.4631 28.2843 34.4093 25.6125 32.249 181.813 179.287 176.816 174.402 68.1175 70.8802 64.1249 67.0522 60.1332 63.2456 68.469 60.531 69.0507 61.1882 69.857 62.0967 148.216 149.933 144.222 145.986 140.228 142.042 148.486 140.513 148.862 140.911 149.345 141.421 4 12 5.65685 12.6491 8.94427 14.4222 12.6491 16.9706 16.4924 20 0 16 4 16.4924 8 17.8885 112.925 116.276 109.252 112.712 105.603 109.179 101.98 105.679 114.543 103.769 133.207 121.655 130.231 127.311 124.451 104.307 
99.3579 94.4034 96.3328 91.214 93.3809 88.0909 90.5097 85.0412 96.8297 87.7268 24.3311 12.6491 25.2982 14.4222 26.8328 16.9706 20.3961 23.3238 16.4924 20 192.416 189.694 187.019 184.391 84.0952 86.3481 80.0999 82.4621 76.1052 78.5875 84.3801 76.4199 84.8528 76.9415 85.5102 77.666 164.195 165.747 160.2 161.79 156.205 157.835 164.438 156.461 164.779 156.818 165.215 157.277 16.4924 20 12.6491 16.9706 8.94427 14.4222 5.65685 12.6491 4 12 16 0 16.4924 4 17.8885 8 127.812 130.782 124.064 127.122 120.333 123.483 116.619 119.867 129.244 118.186 144.278 133.686 141.534 138.852 136.235 118.119 
90.6863 84.8528 88.0909 82.0731 85.6037 79.3977 83.2346 76.8375 87.7268 80 34.4093 25.6125 36.8782 28.8444 39.598 32.249 31.241 36.8782 28.2843 34.4093 184.911 182.428 180 177.629 68 69.857 64 65.9697 60 62.0967 68.1175 60.1332 68.469 60.531 69.0507 61.1882 148.054 149.345 144.056 145.382 140.057 141.421 148.216 140.228 148.486 140.513 148.862 140.911 8 8 8.94427 8.94427 11.3137 11.3137 14.4222 14.4222 17.8885 17.8885 4 16.4924 0 16 4 16.4924 111.427 114.543 107.703 110.923 104 107.331 100.319 103.769 112.925 101.98 136.235 124.451 133.207 130.231 127.311 106.508 
101.98 96.8297 99.0353 93.723 96.1665 90.6863 93.3809 87.7268 99.3579 90.5097 28.2843 16.4924 29.1204 17.8885 30.4631 20 24.3311 26.8328 20.3961 23.3238 195.346 192.666 190.032 187.446 84 85.5102 80 81.5843 76 77.666 84.0952 76.1052 84.3801 76.4199 84.8528 76.9415 164.049 165.215 160.05 161.245 156.051 157.277 164.195 156.205 164.438 156.461 164.779 156.818 17.8885 17.8885 14.4222 14.4222 11.3137 11.3137 8.94427 8.94427 8 8 16.4924 4 16 0 16.4924 4 126.491 129.244 122.703 125.539 118.929 121.852 115.169 118.186 127.812 116.619 147.078 136.235 144.278 141.534 138.852 120.067 
93.723 87.7268 91.214 85.0412 88.8144 82.4621 86.5332 80 90.6863 83.2346 37.7359 28.2843 40 31.241 42.5206 34.4093 34.4093 39.598 31.241 36.8782 188.043 185.602 183.216 180.887 68.1175 69.0507 64.1249 65.1153 60.1332 61.1882 68 60 68.1175 60.1332 68.469 60.531 148 148.862 144 144.886 140 140.911 148.054 140.057 148.216 140.228 148.486 140.513 12 4 12.6491 5.65685 14.4222 8.94427 16.9706 12.6491 20 16.4924 8 17.8885 4 16.4924 0 16 110.055 112.925 106.283 109.252 102.528 105.603 98.7927 101.98 111.427 100.319 139.313 127.311 136.235 133.207 130.231 108.812 
104.69 99.3579 101.823 96.3328 99.0353 93.3809 96.3328 90.5097 101.98 93.3809 32.249 20.3961 32.9848 21.5407 34.176 23.3238 28.2843 30.4631 24.3311 26.8328 198.313 195.673 193.08 190.536 84.0952 84.8528 80.0999 80.895 76.1052 76.9415 84 76 84.0952 76.1052 84.3801 76.4199 164 164.779 160 160.798 156 156.818 164.049 156.051 164.195 156.205 164.438 156.461 20 16.4924 16.9706 12.6491 14.4222 8.94427 12.6491 5.65685 12 4 17.8885 8 16.4924 4 16 0 125.284 127.812 121.458 124.064 117.644 120.333 113.842 116.619 126.491 115.169 149.933 138.852 147.078 144.278 141.534 122.115 
116.619 109.252 118.186 110.923 119.867 112.712 121.655 114.612 112.925 118.119 141.421 136.059 144.941 139.714 148.486 143.388 139.542 146.697 137.753 144.997 184.391 184.174 184.043 184 53.8145 43.2666 56.5685 46.6476 59.4643 50.1199 50.9117 56.8507 48.1664 54.4059 45.607 52.1536 56.8507 48.3322 53.8145 44.7214 50.9117 41.1825 54.4059 48.1664 52.1536 45.607 50.1199 43.2666 114.543 108.812 118.186 112.641 121.852 116.482 125.539 120.333 129.244 124.193 112.925 127.812 111.427 126.491 110.055 125.284 0 8 4 8.94427 8 11.3137 12 14.4222 4 12.6491 144.886 128.996 140.911 136.938 132.966 101.272 
124.064 116.619 125.539 118.186 127.122 119.867 128.81 121.655 120.333 125.22 145.437 139.542 148.862 143.108 152.315 146.697 143.388 150.36 141.421 148.486 192.375 192.167 192.042 192 60 48.1664 62.482 51.225 65.1153 54.4059 56.8507 62.2254 53.8145 59.4643 50.9117 56.8507 62.2254 52.1536 59.4643 48.8262 56.8507 45.607 59.4643 53.8145 56.8507 50.9117 54.4059 48.1664 118.119 111.427 121.655 115.169 125.22 118.929 128.81 122.703 132.424 126.491 116.276 130.782 114.543 129.244 112.925 127.812 8 0 8.94427 4 11.3137 8 14.4222 12 4 12.6491 152.84 136.938 148.862 144.886 140.911 109.179 
115.169 107.703 116.619 109.252 118.186 110.923 119.867 112.712 111.427 116.276 137.928 132.424 141.421 136.059 144.941 139.714 136 143.108 134.164 141.365 184.694 184.391 184.174 184.043 51.225 40 53.8145 43.2666 56.5685 46.6476 48.1664 53.8145 45.2548 51.225 42.5206 48.8262 60 52 56.8507 48.3322 53.8145 44.7214 57.6888 51.225 55.5698 48.8262 53.6656 46.6476 110.923 104.995 114.543 108.812 118.186 112.641 121.852 116.482 125.539 120.333 109.252 124.064 107.703 122.703 106.283 121.458 4 8.94427 0 8 4 8.94427 8 11.3137 5.65685 8.94427 144.499 128.561 140.513 136.528 132.544 100.717 
122.703 115.169 124.064 116.619 125.539 118.186 127.122 119.867 118.929 123.483 142.042 136 145.437 139.542 148.862 143.108 139.943 146.86 137.928 144.941 192.666 192.375 192.167 192.042 57.6888 45.2548 60 48.1664 62.482 51.225 54.4059 59.4643 51.225 56.5685 48.1664 53.8145 65.1153 55.5698 62.2254 52.1536 59.4643 48.8262 62.482 56.5685 60 53.8145 57.6888 51.225 114.612 107.703 118.119 111.427 121.655 115.169 125.22 118.929 128.81 122.703 112.712 127.122 110.923 125.539 109.252 124.064 8.94427 4 8 0 8.94427 4 11.3137 8 5.65685 8.94427 152.473 136.528 148.486 144.499 140.513 108.665 
