0 4 4 5.65685 172.743 160.798 172.418 160.449 172.186 160.2 168.76 168.19 164.779 164.195 158.24 146.751 159.399 148 160.649 149.345 154.402 156.869 150.572 153.101 68 68.1175 68.469 69.0507 144.499 138.622 141.534 101.98 90.2441 101.272 89.4427 100.717 88.8144 100.319 88.3629 98.0612 96.3328 94.1488 92.3472 226.345 218.248 229.26 221.269 223.607 226.557 220.907 223.893 118.794 108.074 121.655 111.212 124.579 114.403 127.562 117.644 116 124.964 113.278 122.442 110.635 120 215.407 201.911 217.513 204.157 212 214.14 208.614 210.789 205.251 207.461 194.813 179.778 196.163 181.24 197.585 
4 0 5.65685 4 176.726 164.779 176.409 164.438 176.182 164.195 172.743 172.186 168.76 168.19 162.086 150.572 163.218 151.789 164.438 153.101 158.24 160.649 154.402 156.869 72 72.111 72.4431 72.9932 147.513 141.534 144.499 105.906 94.1488 105.224 93.3809 104.69 92.7793 104.307 92.3472 101.98 100.319 98.0612 96.3328 229.12 220.907 232 223.893 226.345 229.26 223.607 226.557 121.655 110.635 124.451 113.701 127.311 116.825 130.231 120 118.794 127.562 116 124.964 113.278 122.442 218.833 205.251 220.907 207.461 215.407 217.513 212 214.14 208.614 210.789 198.595 183.521 199.92 184.954 201.316 
4 5.65685 0 4 173.159 161.245 172.743 160.798 172.418 160.449 169.186 168.428 165.215 164.438 157.175 145.602 158.24 146.751 159.399 148 153.31 155.589 149.452 151.789 68.1175 68 68.1175 68.469 141.873 135.882 138.852 102.84 91.214 101.98 90.2441 101.272 89.4427 100.717 88.8144 98.9545 96.7471 95.0789 92.7793 223.464 215.258 226.345 218.248 220.69 223.607 217.954 220.907 116 104.995 118.794 108.074 121.655 111.212 124.579 114.403 113.137 121.918 110.345 119.331 107.629 116.825 213.354 199.72 215.407 201.911 209.914 212 206.495 208.614 203.096 205.251 193.536 178.393 194.813 179.778 196.163 
5.65685 4 4 0 177.133 165.215 176.726 164.779 176.409 164.438 173.159 172.418 169.186 168.428 161.047 149.452 162.086 150.572 163.218 151.789 157.175 159.399 153.31 155.589 72.111 72 72.111 72.4431 144.941 138.852 141.873 106.733 95.0789 105.906 94.1488 105.224 93.3809 104.69 92.7793 102.84 100.717 98.9545 96.7471 226.274 217.954 229.12 220.907 223.464 226.345 220.69 223.607 118.929 107.629 121.655 110.635 124.451 113.701 127.311 116.825 116 124.579 113.137 121.918 110.345 119.331 216.813 203.096 218.833 205.251 213.354 215.407 209.914 212 206.495 208.614 197.342 182.165 198.595 183.521 199.92 
172.743 176.726 173.159 177.133 0 12 4 12.6491 8 14.4222 4 8.94427 8 11.3137 63.2456 68 67.0522 71.5542 70.8802 75.1532 64.622 72.111 66.2118 73.5391 105.224 105.906 106.733 107.703 128.996 133.147 131.027 72.111 84.0952 72 84 72.111 84.0952 72.4431 84.3801 76.1052 76.4199 80.0999 80.399 180.71 182.165 184.694 186.118 181.108 185.084 181.593 185.559 133.207 144.278 136.235 147.078 139.313 149.933 142.436 152.84 135.882 144.941 138.622 147.513 141.421 150.147 128.561 128.062 132.544 132.061 128.25 132.242 128.062 132.061 128 132 80.895 80.0999 84.8528 84.0952 88.8144 
160.798 164.779 161.245 165.215 12 0 12.6491 4 14.4222 8 8 11.3137 4 8.94427 60.531 63.2456 64.4981 67.0522 68.469 70.8802 61.1882 69.0507 62.0967 69.857 93.3809 94.1488 95.0789 96.1665 123.483 127.059 125.22 60.1332 72.111 60 72 60.1332 72.111 60.531 72.4431 64.1249 64.4981 68.1175 68.469 180.044 180.71 184.043 184.694 180.178 184.174 180.4 184.391 125.603 135.882 128.81 138.852 132.061 141.873 135.351 144.941 128.062 137.637 130.599 140 133.207 142.436 130.231 128.25 134.164 132.242 129.553 133.507 128.996 132.966 128.561 132.544 83.5225 80.399 87.3613 84.3801 91.214 
172.418 176.409 172.743 176.726 4 12.6491 0 12 4 12.6491 5.65685 5.65685 8.94427 8.94427 59.4643 64.4981 63.2456 68 67.0522 71.5542 60.9262 68.352 62.6099 69.857 104.69 105.224 105.906 106.733 125.539 129.8 127.624 72.4431 84.3801 72.111 84.0952 72 84 72.111 84.0952 76.4199 76.1052 80.399 80.0999 176.726 178.213 180.71 182.165 177.133 181.108 177.629 181.593 130.231 141.534 133.207 144.278 136.235 147.078 139.313 149.933 132.966 141.873 135.765 144.499 138.622 147.187 124.579 124.064 128.561 128.062 124.258 128.25 124.064 128.062 124 128 76.9415 76.1052 80.895 80.0999 84.8528 
160.449 164.438 160.798 164.779 12.6491 4 12 0 12.6491 4 8.94427 8.94427 5.65685 5.65685 56.5685 59.4643 60.531 63.2456 64.4981 67.0522 57.2713 65.1153 58.2409 65.9697 92.7793 93.3809 94.1488 95.0789 119.867 123.548 121.655 60.531 72.4431 60.1332 72.111 60 72 60.1332 72.111 64.4981 64.1249 68.469 68.1175 176.045 176.726 180.044 180.71 176.182 180.178 176.409 180.4 122.442 132.966 125.603 135.882 128.81 138.852 132.061 141.873 124.964 134.402 127.562 136.821 130.231 139.313 126.301 124.258 130.231 128.25 125.603 129.553 125.028 128.996 124.579 128.561 79.6994 76.4199 83.5225 80.399 87.3613 
172.186 176.182 172.418 176.409 8 14.4222 4 12.6491 0 12 8.94427 4 11.3137 8 55.7136 61.0574 59.4643 64.4981 63.2456 68 57.2713 64.622 59.0593 66.2118 104.307 104.69 105.224 105.906 122.115 126.491 124.258 72.9932 84.8528 72.4431 84.3801 72.111 84.0952 72 84 76.9415 76 80.895 80 172.743 174.264 176.726 178.213 173.159 177.133 173.666 177.629 127.311 138.852 130.231 141.534 133.207 144.278 136.235 147.078 130.108 138.852 132.966 141.534 135.882 144.278 120.599 120.067 124.579 124.064 120.266 124.258 120.067 124.064 120 124 72.9932 72.111 76.9415 76.1052 80.895 
160.2 164.195 160.449 164.438 14.4222 8 12.6491 4 12 0 11.3137 8 8.94427 4 52.6118 55.7136 56.5685 59.4643 60.531 63.2456 53.3667 61.1882 54.4059 62.0967 92.3472 92.7793 93.3809 94.1488 116.276 120.067 118.119 61.1882 72.9932 60.531 72.4431 60.1332 72.111 60 72 65.1153 64 69.0507 68 172.047 172.743 176.045 176.726 172.186 176.182 172.418 176.409 119.331 130.108 122.442 132.966 125.603 135.882 128.81 138.852 121.918 131.21 124.579 133.686 127.311 136.235 122.376 120.266 126.301 124.258 121.655 125.603 121.062 125.028 120.599 124.579 75.8947 72.4431 79.6994 76.4199 83.5225 
168.76 172.743 169.186 173.159 4 8 5.65685 8.94427 8.94427 11.3137 0 8 4 8.94427 62.0967 66.2118 65.9697 69.857 69.857 73.5391 63.2456 70.8802 64.622 72.111 101.272 101.98 102.84 103.846 127.059 131.027 128.996 68.1175 80.0999 68 80 68.1175 80.0999 68.469 80.399 72.111 72.4431 76.1052 76.4199 180.4 181.593 184.391 185.559 180.71 184.694 181.108 185.084 130.599 141.421 133.686 144.278 136.821 147.187 140 150.147 133.207 142.436 135.882 144.941 138.622 147.513 128.996 128 132.966 132 128.561 132.544 128.25 132.242 128.062 132.061 81.5843 80 85.5102 84 89.4427 
168.19 172.186 168.428 172.418 8.94427 11.3137 5.65685 8.94427 4 8 8 0 8.94427 4 54.4059 59.0593 58.2409 62.6099 62.0967 66.2118 55.7136 63.2456 57.2713 64.622 100.319 100.717 101.272 101.98 120.067 124.258 122.115 69.0507 80.895 68.469 80.399 68.1175 80.0999 68 80 72.9932 72 76.9415 76 172.418 173.666 176.409 177.629 172.743 176.726 173.159 177.133 124.579 135.882 127.562 138.622 130.599 141.421 133.686 144.278 127.311 136.235 130.108 138.852 132.966 141.534 121.062 120 125.028 124 120.599 124.579 120.266 124.258 120.067 124.064 73.7564 72 77.666 76 81.5843 
164.779 168.76 165.215 169.186 8 4 8.94427 5.65685 11.3137 8.94427 4 8.94427 0 8 61.1882 64.622 65.1153 68.352 69.0507 72.111 62.0967 69.857 63.2456 70.8802 97.3242 98.0612 98.9545 100 125.22 128.996 127.059 64.1249 76.1052 64 76 64.1249 76.1052 64.4981 76.4199 68.1175 68.469 72.111 72.4431 180.178 181.108 184.174 185.084 180.4 184.391 180.71 184.694 128.062 138.622 131.21 141.534 134.402 144.499 137.637 147.513 130.599 140 133.207 142.436 135.882 144.941 129.553 128.062 133.507 132.061 128.996 132.966 128.561 132.544 128.25 132.242 82.4621 80.0999 86.3481 84.0952 90.2441 
164.195 168.19 164.438 168.428 11.3137 8.94427 8.94427 5.65685 8 4 8.94427 4 8 0 53.3667 57.2713 57.2713 60.9262 61.1882 64.622 54.4059 62.0967 55.7136 63.2456 96.3328 96.7471 97.3242 98.0612 118.119 122.115 120.067 65.1153 76.9415 64.4981 76.4199 64.1249 76.1052 64 76 69.0507 68 72.9932 72 172.186 173.159 176.182 177.133 172.418 176.409 172.743 176.726 121.918 132.966 124.964 135.765 128.062 138.622 131.21 141.534 124.579 133.686 127.311 136.235 130.108 138.852 121.655 120.067 125.603 124.064 121.062 125.028 120.599 124.579 120.266 124.258 74.7262 72.111 78.5875 76.1052 82.4621 
158.24 162.086 157.175 161.047 63.2456 60.531 59.4643 56.5685 55.7136 52.6118 62.0967 54.4059 61.1882 53.3667 0 12 4 12.6491 8 14.4222 4 8.94427 8 11.3137 94.8262 93.0376 91.3893 89.8888 68.1175 73.5391 70.7672 82.4621 90.5097 79.3977 87.7268 76.4199 85.0412 73.5391 82.4621 85.0412 76.4199 87.7268 79.3977 120.067 120.266 124.064 124.258 120 124 120.067 124.064 78.8923 93.0376 80.9938 94.8262 83.2346 96.7471 85.6037 98.7927 82.365 88.8144 85.8836 92.0869 89.4427 95.4149 75.1532 69.857 78.7909 73.7564 73.5391 77.2528 72.111 75.8947 70.8802 74.7262 37.7359 25.6125 40 28.8444 42.5206 
146.751 150.572 145.602 149.452 68 63.2456 64.4981 59.4643 61.0574 55.7136 66.2118 59.0593 64.622 57.2713 12 0 12.6491 4 14.4222 8 8 11.3137 4 8.94427 84.3801 82.365 80.4984 78.7909 61.0574 65.6049 63.2456 75.4718 82.4621 72.111 79.3977 68.8186 76.4199 65.6049 73.5391 77.666 68.1175 80 70.7672 121.062 120.067 125.028 124.064 120.599 124.579 120.266 124.258 68.8186 82.365 71.218 84.3801 73.7564 86.5332 76.4199 88.8144 72.111 79.3977 75.4718 82.4621 78.8923 85.6037 80.9938 73.5391 84.3801 77.2528 78.8923 82.365 76.9415 80.4984 75.1532 78.7909 48.3322 34.4093 50.1199 36.8782 52.1536 
159.399 163.218 158.24 162.086 67.0522 64.4981 63.2456 60.531 59.4643 56.5685 65.9697 58.2409 65.1153 57.2713 4 12.6491 0 12 4 12.6491 5.65685 5.65685 8.94427 8.94427 96.7471 94.8262 93.0376 91.3893 65.1153 70.7672 67.8823 85.6037 93.3809 82.4621 90.5097 79.3977 87.7268 76.4199 85.0412 88.0909 79.196 90.6863 82.0731 116.069 116.276 120.067 120.266 116 120 116.069 120.067 76.9415 91.3893 78.8923 93.0376 80.9938 94.8262 83.2346 96.7471 80.4984 86.5332 84.0952 89.8888 87.7268 93.2952 71.5542 65.9697 75.1532 69.857 69.857 73.5391 68.352 72.111 67.0522 70.8802 35.7771 22.6274 37.7359 25.6125 40 
148 151.789 146.751 150.572 71.5542 67.0522 68 63.2456 64.4981 59.4643 69.857 62.6099 68.352 60.9262 12.6491 4 12 0 12.6491 4 8.94427 8.94427 5.65685 5.65685 86.5332 84.3801 82.365 80.4984 57.6888 62.482 60 78.8923 85.6037 75.4718 82.4621 72.111 79.3977 68.8186 76.4199 80.9938 71.218 83.2346 73.7564 117.098 116.069 121.062 120.067 116.619 120.599 116.276 120.266 66.5733 80.4984 68.8186 82.365 71.218 84.3801 73.7564 86.5332 69.9714 76.8375 73.4302 80 76.9415 83.2346 77.666 69.857 80.9938 73.5391 75.4718 78.8923 73.4302 76.9415 71.5542 75.1532 46.8188 32.249 48.3322 34.4093 50.1199 
160.649 164.438 159.399 163.218 70.8802 68.469 67.0522 64.4981 63.2456 60.531 69.857 62.0967 69.0507 61.1882 8 14.4222 4 12.6491 0 12 8.94427 4 11.3137 8 98.7927 96.7471 94.8262 93.0376 62.2254 68.1175 65.1153 88.8144 96.3328 85.6037 93.3809 82.4621 90.5097 79.3977 87.7268 91.214 82.0731 93.723 84.8528 112.071 112.285 116.069 116.276 112 116 112.071 116.069 75.1532 89.8888 76.9415 91.3893 78.8923 93.0376 80.9938 94.8262 78.7909 84.3801 82.4621 87.818 86.1626 91.3017 68 62.0967 71.5542 65.9697 66.2118 69.857 64.622 68.352 63.2456 67.0522 34.176 20 35.7771 22.6274 37.7359 
149.345 153.101 148 151.789 75.1532 70.8802 71.5542 67.0522 68 63.2456 73.5391 66.2118 72.111 64.622 14.4222 8 12.6491 4 12 0 11.3137 8 8.94427 4 88.8144 86.5332 84.3801 82.365 54.4059 59.4643 56.8507 82.365 88.8144 78.8923 85.6037 75.4718 82.4621 72.111 79.3977 84.3801 74.4043 86.5332 76.8375 113.137 112.071 117.098 116.069 112.641 116.619 112.285 116.276 64.4981 78.7909 66.5733 80.4984 68.8186 82.365 71.218 84.3801 68 74.4043 71.5542 77.666 75.1532 80.9938 74.4043 66.2118 77.666 69.857 72.111 75.4718 69.9714 73.4302 68 71.5542 45.607 30.4631 46.8188 32.249 48.3322 
154.402 158.24 153.31 157.175 64.622 61.1882 60.9262 57.2713 57.2713 53.3667 63.2456 55.7136 62.0967 54.4059 4 8 5.65685 8.94427 8.94427 11.3137 0 8 4 8.94427 91.3017 89.4427 87.7268 86.1626 65.6049 70.7672 68.1175 80 87.7268 76.8375 84.8528 73.7564 82.0731 70.7672 79.3977 82.4621 73.5391 85.0412 76.4199 120.266 120.067 124.258 124.064 120.067 124.064 120 124 75.4718 89.4427 77.666 91.3017 80 93.2952 82.4621 95.4149 78.8923 85.6037 82.365 88.8144 85.8836 92.0869 76.9415 70.8802 80.4984 74.7262 75.1532 78.7909 73.5391 77.2528 72.111 75.8947 41.1825 28.2843 43.2666 31.241 45.607 
156.869 160.649 155.589 159.399 72.111 69.0507 68.352 65.1153 64.622 61.1882 70.8802 63.2456 69.857 62.0967 8.94427 11.3137 5.65685 8.94427 4 8 8 0 8.94427 4 95.4149 93.2952 91.3017 89.4427 59.4643 65.1153 62.2254 86.5332 93.723 83.2346 90.6863 80 87.7268 76.8375 84.8528 88.8144 79.3977 91.214 82.0731 112.285 112.071 116.276 116.069 112.071 116.069 112 116 71.5542 86.1626 73.4302 87.7268 75.4718 89.4427 77.666 91.3017 75.1532 80.9938 78.7909 84.3801 82.4621 87.818 69.9714 63.2456 73.4302 67.0522 68 71.5542 66.2118 69.857 64.622 68.352 37.9473 23.3238 39.3954 25.6125 41.1825 
150.572 154.402 149.452 153.31 66.2118 62.0967 62.6099 58.2409 59.0593 54.4059 64.622 57.2713 63.2456 55.7136 8 4 8.94427 5.65685 11.3137 8.94427 4 8.94427 0 8 87.818 85.8836 84.0952 82.4621 63.2456 68.1175 65.6049 77.666 85.0412 74.4043 82.0731 71.218 79.196 68.1175 76.4199 80 70.7672 82.4621 73.5391 120.599 120 124.579 124 120.266 124.258 120.067 124.064 72.111 85.8836 74.4043 87.818 76.8375 89.8888 79.3977 92.0869 75.4718 82.4621 78.8923 85.6037 82.365 88.8144 78.8923 72.111 82.365 75.8947 76.9415 80.4984 75.1532 78.7909 73.5391 77.2528 44.7214 31.241 46.6476 33.9411 48.8262 
153.101 156.869 151.789 155.589 73.5391 69.857 69.857 65.9697 66.2118 62.0967 72.111 64.622 70.8802 63.2456 11.3137 8.94427 8.94427 5.65685 8 4 8.94427 4 8 0 92.0869 89.8888 87.818 85.8836 56.8507 62.2254 59.4643 84.3801 91.214 80.9938 88.0909 77.666 85.0412 74.4043 82.0731 86.5332 76.8375 88.8144 79.3977 112.641 112 116.619 116 112.285 116.276 112.071 116.069 68 82.4621 69.9714 84.0952 72.111 85.8836 74.4043 87.818 71.5542 77.666 75.1532 80.9938 78.7909 84.3801 72.111 64.622 75.4718 68.352 69.9714 73.4302 68 71.5542 66.2118 69.857 41.7612 26.8328 43.0813 28.8444 44.7214 
68 72 68.1175 72.111 105.224 93.3809 104.69 92.7793 104.307 92.3472 101.272 100.319 97.3242 96.3328 94.8262 84.3801 96.7471 86.5332 98.7927 88.8144 91.3017 95.4149 87.818 92.0869 0 4 8 12 104 101.193 102.528 37.7359 28.2843 35.7771 25.6125 34.176 23.3238 32.9848 21.5407 34.4093 29.1204 31.241 25.2982 186.118 180.754 189.652 184.391 184.261 187.83 182.472 186.075 85.5102 84 89.4427 88 93.3809 92 97.3242 96 84.8528 96.7471 84.3801 96.3328 84.0952 96.0833 161.245 150.147 164.049 153.154 158.392 161.245 155.589 158.493 152.84 155.795 132.484 118.727 134.462 120.93 136.528 
68.1175 72.111 68 72 105.906 94.1488 105.224 93.3809 104.69 92.7793 101.98 100.717 98.0612 96.7471 93.0376 82.365 94.8262 84.3801 96.7471 86.5332 89.4427 93.2952 85.8836 89.8888 4 0 4 8 100.319 97.4064 98.7927 40 31.241 37.7359 28.2843 35.7771 25.6125 34.176 23.3238 36.8782 30.4631 33.9411 26.8328 182.603 177.133 186.118 180.754 180.71 184.261 178.885 182.472 81.5843 80 85.5102 84 89.4427 88 93.3809 92 80.895 92.7793 80.399 92.3472 80.0999 92.0869 158.493 147.187 161.245 150.147 155.589 158.392 152.735 155.589 149.933 152.84 130.599 116.619 132.484 118.727 134.462 
68.469 72.4431 68.1175 72.111 106.733 95.0789 105.906 94.1488 105.224 93.3809 102.84 101.272 98.9545 97.3242 91.3893 80.4984 93.0376 82.365 94.8262 84.3801 87.7268 91.3017 84.0952 87.818 8 4 0 4 96.6644 93.6376 95.0789 42.5206 34.4093 40 31.241 37.7359 28.2843 35.7771 25.6125 39.598 32.249 36.8782 28.8444 179.109 173.528 182.603 177.133 177.178 180.71 175.317 178.885 77.666 76 81.5843 80 85.5102 84 89.4427 88 76.9415 88.8144 76.4199 88.3629 76.1052 88.0909 155.795 144.278 158.493 147.187 152.84 155.589 149.933 152.735 147.078 149.933 128.81 114.612 130.599 116.619 132.484 
69.0507 72.9932 68.469 72.4431 107.703 96.1665 106.733 95.0789 105.906 94.1488 103.846 101.98 100 98.0612 89.8888 78.7909 91.3893 80.4984 93.0376 82.365 86.1626 89.4427 82.4621 85.8836 12 8 4 0 93.0376 89.8888 91.3893 45.2548 37.7359 42.5206 34.4093 40 31.241 37.7359 28.2843 42.5206 34.4093 40 31.241 175.636 169.941 179.109 173.528 173.666 177.178 171.767 175.317 73.7564 72 77.666 76 81.5843 80 85.5102 84 72.9932 84.8528 72.4431 84.3801 72.111 84.0952 153.154 141.421 155.795 144.278 150.147 152.84 147.187 149.933 144.278 147.078 127.122 112.712 128.81 114.612 130.599 
144.499 147.513 141.873 144.941 128.996 123.483 125.539 119.867 122.115 116.276 127.059 120.067 125.22 118.119 68.1175 61.0574 65.1153 57.6888 62.2254 54.4059 65.6049 59.4643 63.2456 56.8507 104 100.319 96.6644 93.0376 0 8 4 116.276 117.712 112.285 113.772 108.296 109.836 104.307 105.906 116.619 104.69 117.098 105.224 83.2346 76.9415 86.5332 80.4984 80.9938 84.3801 78.8923 82.365 26.8328 41.7612 25.2982 40.7922 24.3311 40.1995 24 40 30.4631 28 34.176 32 37.9473 36 77.666 62.0967 78.5875 63.2456 73.7564 74.7262 69.857 70.8802 65.9697 67.0522 82.4621 68 80.9938 66.2118 79.6994 
138.622 141.534 135.882 138.852 133.147 127.059 129.8 123.548 126.491 120.067 131.027 124.258 128.996 122.115 73.5391 65.6049 70.7672 62.482 68.1175 59.4643 70.7672 65.1153 68.1175 62.2254 101.193 97.4064 93.6376 89.8888 8 0 4 116 116.619 112 112.641 108 108.665 104 104.69 116.069 104.077 116.276 104.307 88.0909 80.9938 91.214 84.3801 85.6037 88.8144 83.2346 86.5332 20 34.176 17.8885 32.9848 16.4924 32.249 16 32 23.3238 20 26.8328 24 30.4631 28 85.5102 69.857 86.3481 70.8802 81.5843 82.4621 77.666 78.5875 73.7564 74.7262 89.8888 75.1532 88.5438 73.5391 87.3613 
141.534 144.499 138.852 141.873 131.027 125.22 127.624 121.655 124.258 118.119 128.996 122.115 127.059 120.067 70.7672 63.2456 67.8823 60 65.1153 56.8507 68.1175 62.2254 65.6049 59.4643 102.528 98.7927 95.0789 91.3893 4 4 0 116.069 117.098 112.071 113.137 108.074 109.179 104.077 105.224 116.276 104.307 116.619 104.69 85.6037 78.8923 88.8144 82.365 83.2346 86.5332 80.9938 84.3801 23.3238 37.9473 21.5407 36.8782 20.3961 36.2215 20 36 26.8328 24 30.4631 28 34.176 32 81.5843 65.9697 82.4621 67.0522 77.666 78.5875 73.7564 74.7262 69.857 70.8802 86.1626 71.5542 84.7585 69.857 83.5225 
101.98 105.906 102.84 106.733 72.111 60.1332 72.4431 60.531 72.9932 61.1882 68.1175 69.0507 64.1249 65.1153 82.4621 75.4718 85.6037 78.8923 88.8144 82.365 80 86.5332 77.666 84.3801 37.7359 40 42.5206 45.2548 116.276 116 116.069 0 12 4 12.6491 8 14.4222 12 16.9706 4 12.6491 8 14.4222 192.333 189.188 196.163 193.08 191.207 195.059 190.158 194.031 105.224 108.812 109.179 112.641 113.137 116.482 117.098 120.333 105.906 117.712 106.733 118.457 107.703 119.331 156.461 148.486 159.85 152.053 154.35 157.785 152.315 155.795 150.36 153.883 118.794 108.074 121.655 111.212 124.579 
90.2441 94.1488 91.214 95.0789 84.0952 72.111 84.3801 72.4431 84.8528 72.9932 80.0999 80.895 76.1052 76.9415 90.5097 82.4621 93.3809 85.6037 96.3328 88.8144 87.7268 93.723 85.0412 91.214 28.2843 31.241 34.4093 37.7359 117.712 116.619 117.098 12 0 12.6491 4 14.4222 8 16.9706 12 8 14.4222 4 12.6491 196.163 192.333 199.92 196.163 194.813 198.595 193.536 197.342 104.077 105.906 108.074 109.836 112.071 113.772 116.069 117.712 104.307 116.276 104.69 116.619 105.224 117.098 163.218 154.35 166.469 157.785 160.897 164.195 158.644 161.988 156.461 159.85 127.562 116 130.231 118.929 132.966 
101.272 105.224 101.98 105.906 72 60 72.111 60.1332 72.4431 60.531 68 68.469 64 64.4981 79.3977 72.111 82.4621 75.4718 85.6037 78.8923 76.8375 83.2346 74.4043 80.9938 35.7771 37.7359 40 42.5206 112.285 112 112.071 4 12.6491 0 12 4 12.6491 8 14.4222 5.65685 8.94427 8.94427 11.3137 188.51 185.3 192.333 189.188 187.361 191.207 186.29 190.158 101.272 104.995 105.224 108.812 109.179 112.641 113.137 116.482 101.98 113.772 102.84 114.543 103.846 115.447 153.101 144.941 156.461 148.486 150.944 154.35 148.862 152.315 146.86 150.36 116 104.995 118.794 108.074 121.655 
89.4427 93.3809 90.2441 94.1488 84 72 84.0952 72.111 84.3801 72.4431 80 80.399 76 76.4199 87.7268 79.3977 90.5097 82.4621 93.3809 85.6037 84.8528 90.6863 82.0731 88.0909 25.6125 28.2843 31.241 34.4093 113.772 112.641 113.137 12.6491 4 12 0 12.6491 4 14.4222 8 8.94427 11.3137 5.65685 8.94427 192.416 188.51 196.163 192.333 191.039 194.813 189.737 193.536 100.08 101.98 104.077 105.906 108.074 109.836 112.071 113.772 100.319 112.285 100.717 112.641 101.272 113.137 160 150.944 163.218 154.35 157.632 160.897 155.332 158.644 153.101 156.461 124.964 113.137 127.562 116 130.231 
100.717 104.69 101.272 105.224 72.111 60.1332 72 60 72.111 60.1332 68.1175 68.1175 64.1249 64.1249 76.4199 68.8186 79.3977 72.111 82.4621 75.4718 73.7564 80 71.218 77.666 34.176 35.7771 37.7359 40 108.296 108 108.074 8 14.4222 4 12.6491 0 12 4 12.6491 8.94427 5.65685 11.3137 8.94427 184.694 181.417 188.51 185.3 183.521 187.361 182.428 186.29 97.3242 101.193 101.272 104.995 105.224 108.812 109.179 112.641 98.0612 109.836 98.9545 110.635 100 111.571 149.773 141.421 153.101 144.941 147.567 150.944 145.437 148.862 143.388 146.86 113.278 101.98 116 104.995 118.794 
88.8144 92.7793 89.4427 93.3809 84.0952 72.111 84 72 84.0952 72.111 80.0999 80.0999 76.1052 76.1052 85.0412 76.4199 87.7268 79.3977 90.5097 82.4621 82.0731 87.7268 79.196 85.0412 23.3238 25.6125 28.2843 31.241 109.836 108.665 109.179 14.4222 8 12.6491 4 12 0 12.6491 4 11.3137 8.94427 8.94427 5.65685 188.68 184.694 192.416 188.51 187.275 191.039 185.946 189.737 96.0833 98.0612 100.08 101.98 104.077 105.906 108.074 109.836 96.3328 108.296 96.7471 108.665 97.3242 109.179 156.818 147.567 160 150.944 154.402 157.632 152.053 155.332 149.773 153.101 122.442 110.345 124.964 113.137 127.562 
100.319 104.307 100.717 104.69 72.4431 60.531 72.111 60.1332 72 60 68.469 68 64.4981 64 73.5391 65.6049 76.4199 68.8186 79.3977 72.111 70.7672 76.8375 68.1175 74.4043 32.9848 34.176 35.7771 37.7359 104.307 104 104.077 12 16.9706 8 14.4222 4 12.6491 0 12 12.6491 4 14.4222 8 180.887 177.539 184.694 181.417 179.689 183.521 178.572 182.428 93.3809 97.4064 97.3242 101.193 101.272 104.995 105.224 108.812 94.1488 105.906 95.0789 106.733 96.1665 107.703 146.479 137.928 149.773 141.421 144.222 147.567 142.042 145.437 139.943 143.388 110.635 99.0353 113.278 101.98 116 
88.3629 92.3472 88.8144 92.7793 84.3801 72.4431 84.0952 72.111 84 72 80.399 80 76.4199 76 82.4621 73.5391 85.0412 76.4199 87.7268 79.3977 79.3977 84.8528 76.4199 82.0731 21.5407 23.3238 25.6125 28.2843 105.906 104.69 105.224 16.9706 12 14.4222 8 12.6491 4 12 0 14.4222 8 12.6491 4 184.954 180.887 188.68 184.694 183.521 187.275 182.165 185.946 92.0869 94.1488 96.0833 98.0612 100.08 101.98 104.077 105.906 92.3472 104.307 92.7793 104.69 93.3809 105.224 153.675 144.222 156.818 147.567 151.208 154.402 148.809 152.053 146.479 149.773 120 107.629 122.442 110.345 124.964 
98.0612 101.98 98.9545 102.84 76.1052 64.1249 76.4199 64.4981 76.9415 65.1153 72.111 72.9932 68.1175 69.0507 85.0412 77.666 88.0909 80.9938 91.214 84.3801 82.4621 88.8144 80 86.5332 34.4093 36.8782 39.598 42.5206 116.619 116.069 116.276 4 8 5.65685 8.94427 8.94427 11.3137 12.6491 14.4222 0 12 4 12.6491 193.536 190.158 197.342 194.031 192.333 196.163 191.207 195.059 104.69 107.703 108.665 111.571 112.641 115.447 116.619 119.331 105.224 117.098 105.906 117.712 106.733 118.457 158.644 150.36 161.988 153.883 156.461 159.85 154.35 157.785 152.315 155.795 121.655 110.635 124.451 113.701 127.311 
96.3328 100.319 96.7471 100.717 76.4199 64.4981 76.1052 64.1249 76 64 72.4431 72 68.469 68 76.4199 68.1175 79.196 71.218 82.0731 74.4043 73.5391 79.3977 70.7672 76.8375 29.1204 30.4631 32.249 34.4093 104.69 104.077 104.307 12.6491 14.4222 8.94427 11.3137 5.65685 8.94427 4 8 12 0 12.6491 4 182.165 178.572 185.946 182.428 180.887 184.694 179.689 183.521 92.7793 96.1665 96.7471 100 100.717 103.846 104.69 107.703 93.3809 105.224 94.1488 105.906 95.0789 106.733 148.809 139.943 152.053 143.388 146.479 149.773 144.222 147.567 142.042 145.437 113.701 101.823 116.276 104.69 118.929 
94.1488 98.0612 95.0789 98.9545 80.0999 68.1175 80.399 68.469 80.895 69.0507 76.1052 76.9415 72.111 72.9932 87.7268 80 90.6863 83.2346 93.723 86.5332 85.0412 91.214 82.4621 88.8144 31.241 33.9411 36.8782 40 117.098 116.276 116.619 8 4 8.94427 5.65685 11.3137 8.94427 14.4222 12.6491 4 12.6491 0 12 194.813 191.207 198.595 195.059 193.536 197.342 192.333 196.163 104.307 106.733 108.296 110.635 112.285 114.543 116.276 118.457 104.69 116.619 105.224 117.098 105.906 117.712 160.897 152.315 164.195 155.795 158.644 161.988 156.461 159.85 154.35 157.785 124.579 113.278 127.311 116.276 130.108 
92.3472 96.3328 92.7793 96.7471 80.399 68.469 80.0999 68.1175 80 68 76.4199 76 72.4431 72 79.3977 70.7672 82.0731 73.7564 84.8528 76.8375 76.4199 82.0731 73.5391 79.3977 25.2982 26.8328 28.8444 31.241 105.224 104.307 104.69 14.4222 12.6491 11.3137 8.94427 8.94427 5.65685 8 4 12.6491 4 12 0 183.521 179.689 187.275 183.521 182.165 185.946 180.887 184.694 92.3472 95.0789 96.3328 98.9545 100.319 102.84 104.307 106.733 92.7793 104.69 93.3809 105.224 94.1488 105.906 151.208 142.042 154.402 145.437 148.809 152.053 146.479 149.773 144.222 147.567 116.825 104.69 119.331 107.48 121.918 
226.345 229.12 223.464 226.274 180.71 180.044 176.726 176.045 172.743 172.047 180.4 172.418 180.178 172.186 120.067 121.062 116.069 117.098 112.071 113.137 120.266 112.285 120.599 112.641 186.118 182.603 179.109 175.636 83.2346 88.0909 85.6037 192.333 196.163 188.51 192.416 184.694 188.68 180.887 184.954 193.536 182.165 194.813 183.521 0 12 4 12.6491 4 5.65685 8 8.94427 107.629 118.929 104.69 116.276 101.823 113.701 99.0353 111.212 110.345 101.98 113.137 104.995 116 108.074 59.0593 53.3667 55.5698 49.4773 57.2713 53.6656 55.7136 52 54.4059 50.5964 103.846 100.717 100 96.7471 96.1665 
218.248 220.907 215.258 217.954 182.165 180.71 178.213 176.726 174.264 172.743 181.593 173.666 181.108 173.159 120.266 120.067 116.276 116.069 112.285 112.071 120.067 112.071 120 112 180.754 177.133 173.528 169.941 76.9415 80.9938 78.8923 189.188 192.333 185.3 188.51 181.417 184.694 177.539 180.887 190.158 178.572 191.207 179.689 12 0 12.6491 4 8 8.94427 4 5.65685 100 110.345 96.8297 107.48 93.723 104.69 90.6863 101.98 102.45 93.3809 104.995 96.1665 107.629 99.0353 65.6049 57.2713 62.482 53.6656 63.2456 60 61.0574 57.6888 59.0593 55.5698 107.703 102.84 104 98.9545 100.319 
229.26 232 226.345 229.12 184.694 184.043 180.71 180.044 176.726 176.045 184.391 176.409 184.174 176.182 124.064 125.028 120.067 121.062 116.069 117.098 124.258 116.276 124.579 116.619 189.652 186.118 182.603 179.109 86.5332 91.214 88.8144 196.163 199.92 192.333 196.163 188.51 192.416 184.694 188.68 197.342 185.946 198.595 187.275 4 12.6491 0 12 5.65685 4 8.94427 8 110.635 121.655 107.629 118.929 104.69 116.276 101.823 113.701 113.278 104.69 116 107.629 118.794 110.635 62.6099 57.2713 59.0593 53.3667 60.9262 57.2713 59.4643 55.7136 58.2409 54.4059 107.703 104.69 103.846 100.717 100 
221.269 223.893 218.248 220.907 186.118 184.694 182.165 180.71 178.213 176.726 185.559 177.629 185.084 177.133 124.258 124.064 120.266 120.067 116.276 116.069 124.064 116.069 124 116 184.391 180.754 177.133 173.528 80.4984 84.3801 82.365 193.08 196.163 189.188 192.333 185.3 188.51 181.417 184.694 194.031 182.428 195.059 183.521 12.6491 4 12 0 8.94427 8 5.65685 4 103.228 113.278 100 110.345 96.8297 107.48 93.723 104.69 105.603 96.3328 108.074 99.0353 110.635 101.823 68.8186 60.9262 65.6049 57.2713 66.5733 63.2456 64.4981 61.0574 62.6099 59.0593 111.427 106.733 107.703 102.84 104 
223.607 226.345 220.69 223.464 181.108 180.178 177.133 176.182 173.159 172.186 180.71 172.743 180.4 172.418 120 120.599 116 116.619 112 112.641 120.067 112.071 120.266 112.285 184.261 180.71 177.178 173.666 80.9938 85.6037 83.2346 191.207 194.813 187.361 191.039 183.521 187.275 179.689 183.521 192.333 180.887 193.536 182.165 4 8 5.65685 8.94427 0 4 4 5.65685 104.995 116 101.98 113.278 99.0353 110.635 96.1665 108.074 107.629 99.0353 110.345 101.98 113.137 104.995 61.0574 54.4059 57.6888 50.5964 59.0593 55.5698 57.2713 53.6656 55.7136 52 104.995 101.272 101.193 97.3242 97.4064 
226.557 229.26 223.607 226.345 185.084 184.174 181.108 180.178 177.133 176.182 184.694 176.726 184.391 176.409 124 124.579 120 120.599 116 116.619 124.064 116.069 124.258 116.276 187.83 184.261 180.71 177.178 84.3801 88.8144 86.5332 195.059 198.595 191.207 194.813 187.361 191.039 183.521 187.275 196.163 184.694 197.342 185.946 5.65685 8.94427 4 8 4 0 5.65685 4 108.074 118.794 104.995 116 101.98 113.278 99.0353 110.635 110.635 101.823 113.278 104.69 116 107.629 64.4981 58.2409 61.0574 54.4059 62.6099 59.0593 60.9262 57.2713 59.4643 55.7136 108.812 105.224 104.995 101.272 101.193 
220.907 223.607 217.954 220.69 181.593 180.4 177.629 176.409 173.666 172.418 181.108 173.159 180.71 172.743 120.067 120.266 116.069 116.276 112.071 112.285 120 112 120.067 112.071 182.472 178.885 175.317 171.767 78.8923 83.2346 80.9938 190.158 193.536 186.29 189.737 182.428 185.946 178.572 182.165 191.207 179.689 192.333 180.887 8 4 8.94427 5.65685 4 5.65685 0 4 102.45 113.137 99.3579 110.345 96.3328 107.629 93.3809 104.995 104.995 96.1665 107.629 99.0353 110.345 101.98 63.2456 55.7136 60 52 61.0574 57.6888 59.0593 55.5698 57.2713 53.6656 106.283 101.98 102.528 98.0612 98.7927 
223.893 226.557 220.907 223.607 185.559 184.391 181.593 180.4 177.629 176.409 185.084 177.133 184.694 176.726 124.064 124.258 120.067 120.266 116.069 116.276 124 116 124.064 116.069 186.075 182.472 178.885 175.317 82.365 86.5332 84.3801 194.031 197.342 190.158 193.536 186.29 189.737 182.428 185.946 195.059 183.521 196.163 184.694 8.94427 5.65685 8 4 5.65685 4 4 0 105.603 116 102.45 113.137 99.3579 110.345 96.3328 107.629 108.074 99.0353 110.635 101.823 113.278 104.69 66.5733 59.4643 63.2456 55.7136 64.4981 61.0574 62.6099 59.0593 60.9262 57.2713 110.055 105.906 106.283 101.98 102.528 
118.794 121.655 116 118.929 133.207 125.603 130.231 122.442 127.311 119.331 130.599 124.579 128.062 121.918 78.8923 68.8186 76.9415 66.5733 75.1532 64.4981 75.4718 71.5542 72.111 68 85.5102 81.5843 77.666 73.7564 26.8328 20 23.3238 105.224 104.077 101.272 100.08 97.3242 96.0833 93.3809 92.0869 104.69 92.7793 104.307 92.3472 107.629 100 110.635 103.228 104.995 108.074 102.45 105.603 0 16 4 16.4924 8 17.8885 12 20 4 12.6491 8 14.4222 12 16.9706 103.846 88.5438 104.995 89.8888 100 101.193 96.1665 97.4064 92.3472 93.6376 101.98 86.3481 101.272 85.5102 100.717 
108.074 110.635 104.995 107.629 144.278 135.882 141.534 132.966 138.852 130.108 141.421 135.882 138.622 132.966 93.0376 82.365 91.3893 80.4984 89.8888 78.7909 89.4427 86.1626 85.8836 82.4621 84 80 76 72 41.7612 34.176 37.9473 108.812 105.906 104.995 101.98 101.193 98.0612 97.4064 94.1488 107.703 96.1665 106.733 95.0789 118.929 110.345 121.655 113.278 116 118.794 113.137 116 16 0 16.4924 4 17.8885 8 20 12 12 16.9706 8 14.4222 4 12.6491 119.331 103.846 120.333 104.995 115.447 116.482 111.571 112.641 107.703 108.812 117.712 101.98 117.098 101.272 116.619 
121.655 124.451 118.794 121.655 136.235 128.81 133.207 125.603 130.231 122.442 133.686 127.562 131.21 124.964 80.9938 71.218 78.8923 68.8186 76.9415 66.5733 77.666 73.4302 74.4043 69.9714 89.4427 85.5102 81.5843 77.666 25.2982 17.8885 21.5407 109.179 108.074 105.224 104.077 101.272 100.08 97.3242 96.0833 108.665 96.7471 108.296 96.3328 104.69 96.8297 107.629 100 101.98 104.995 99.3579 102.45 4 16.4924 0 16 4 16.4924 8 17.8885 5.65685 8.94427 8.94427 11.3137 12.6491 14.4222 102.84 87.3613 103.846 88.5438 98.9545 100 95.0789 96.1665 91.214 92.3472 102.84 87.3613 101.98 86.3481 101.272 
111.212 113.701 108.074 110.635 147.078 138.852 144.278 135.882 141.534 132.966 144.278 138.622 141.534 135.765 94.8262 84.3801 93.0376 82.365 91.3893 80.4984 91.3017 87.7268 87.818 84.0952 88 84 80 76 40.7922 32.9848 36.8782 112.641 109.836 108.812 105.906 104.995 101.98 101.193 98.0612 111.571 100 110.635 98.9545 116.276 107.48 118.929 110.345 113.278 116 110.345 113.137 16.4924 4 16 0 16.4924 4 17.8885 8 12.6491 14.4222 8.94427 11.3137 5.65685 8.94427 118.457 102.84 119.331 103.846 114.543 115.447 110.635 111.571 106.733 107.703 118.457 102.84 117.712 101.98 117.098 
124.579 127.311 121.655 124.451 139.313 132.061 136.235 128.81 133.207 125.603 136.821 130.599 134.402 128.062 83.2346 73.7564 80.9938 71.218 78.8923 68.8186 80 75.4718 76.8375 72.111 93.3809 89.4427 85.5102 81.5843 24.3311 16.4924 20.3961 113.137 112.071 109.179 108.074 105.224 104.077 101.272 100.08 112.641 100.717 112.285 100.319 101.823 93.723 104.69 96.8297 99.0353 101.98 96.3328 99.3579 8 17.8885 4 16.4924 0 16 4 16.4924 8.94427 5.65685 11.3137 8.94427 14.4222 12.6491 101.98 86.3481 102.84 87.3613 98.0612 98.9545 94.1488 95.0789 90.2441 91.214 103.846 88.5438 102.84 87.3613 101.98 
114.403 116.825 111.212 113.701 149.933 141.873 147.078 138.852 144.278 135.882 147.187 141.421 144.499 138.622 96.7471 86.5332 94.8262 84.3801 93.0376 82.365 93.2952 89.4427 89.8888 85.8836 92 88 84 80 40.1995 32.249 36.2215 116.482 113.772 112.641 109.836 108.812 105.906 104.995 101.98 115.447 103.846 114.543 102.84 113.701 104.69 116.276 107.48 110.635 113.278 107.629 110.345 17.8885 8 16.4924 4 16 0 16.4924 4 14.4222 12.6491 11.3137 8.94427 8.94427 5.65685 117.712 101.98 118.457 102.84 113.772 114.543 109.836 110.635 105.906 106.733 119.331 103.846 118.457 102.84 117.712 
127.562 130.231 124.579 127.311 142.436 135.351 139.313 132.061 136.235 128.81 140 133.686 137.637 131.21 85.6037 76.4199 83.2346 73.7564 80.9938 71.218 82.4621 77.666 79.3977 74.4043 97.3242 93.3809 89.4427 85.5102 24 16 20 117.098 116.069 113.137 112.071 109.179 108.074 105.224 104.077 116.619 104.69 116.276 104.307 99.0353 90.6863 101.823 93.723 96.1665 99.0353 93.3809 96.3328 12 20 8 17.8885 4 16.4924 0 16 12.6491 4 14.4222 8 16.9706 12 101.272 85.5102 101.98 86.3481 97.3242 98.0612 93.3809 94.1488 89.4427 90.2441 104.995 89.8888 103.846 88.5438 102.84 
117.644 120 114.403 116.825 152.84 144.941 149.933 141.873 147.078 138.852 150.147 144.278 147.513 141.534 98.7927 88.8144 96.7471 86.5332 94.8262 84.3801 95.4149 91.3017 92.0869 87.818 96 92 88 84 40 32 36 120.333 117.712 116.482 113.772 112.641 109.836 108.812 105.906 119.331 107.703 118.457 106.733 111.212 101.98 113.701 104.69 108.074 110.635 104.995 107.629 20 12 17.8885 8 16.4924 4 16 0 16.9706 12 14.4222 8 12.6491 4 117.098 101.272 117.712 101.98 113.137 113.772 109.179 109.836 105.224 105.906 120.333 104.995 119.331 103.846 118.457 
116 118.794 113.137 116 135.882 128.062 132.966 124.964 130.108 121.918 133.207 127.311 130.599 124.579 82.365 72.111 80.4984 69.9714 78.7909 68 78.8923 75.1532 75.4718 71.5542 84.8528 80.895 76.9415 72.9932 30.4631 23.3238 26.8328 105.906 104.307 101.98 100.319 98.0612 96.3328 94.1488 92.3472 105.224 93.3809 104.69 92.7793 110.345 102.45 113.278 105.603 107.629 110.635 104.995 108.074 4 12 5.65685 12.6491 8.94427 14.4222 12.6491 16.9706 0 12 4 12.6491 8 14.4222 107.703 92.3472 108.812 93.6376 103.846 104.995 100 101.193 96.1665 97.4064 105.906 90.2441 105.224 89.4427 104.69 
124.964 127.562 121.918 124.579 144.941 137.637 141.873 134.402 138.852 131.21 142.436 136.235 140 133.686 88.8144 79.3977 86.5332 76.8375 84.3801 74.4043 85.6037 80.9938 82.4621 77.666 96.7471 92.7793 88.8144 84.8528 28 20 24 117.712 116.276 113.772 112.285 109.836 108.296 105.906 104.307 117.098 105.224 116.619 104.69 101.98 93.3809 104.69 96.3328 99.0353 101.823 96.1665 99.0353 12.6491 16.9706 8.94427 14.4222 5.65685 12.6491 4 12 12 0 12.6491 4 14.4222 8 105.224 89.4427 105.906 90.2441 101.272 101.98 97.3242 98.0612 93.3809 94.1488 108.812 93.6376 107.703 92.3472 106.733 
113.278 116 110.345 113.137 138.622 130.599 135.765 127.562 132.966 124.579 135.882 130.108 133.207 127.311 85.8836 75.4718 84.0952 73.4302 82.4621 71.5542 82.365 78.7909 78.8923 75.1532 84.3801 80.399 76.4199 72.4431 34.176 26.8328 30.4631 106.733 104.69 102.84 100.717 98.9545 96.7471 95.0789 92.7793 105.906 94.1488 105.224 93.3809 113.137 104.995 116 108.074 110.345 113.278 107.629 110.635 8 8 8.94427 8.94427 11.3137 11.3137 14.4222 14.4222 4 12.6491 0 12 4 12.6491 111.571 96.1665 112.641 97.4064 107.703 108.812 103.846 104.995 100 101.193 109.836 94.1488 109.179 93.3809 108.665 
122.442 124.964 119.331 121.918 147.513 140 144.499 136.821 141.534 133.686 144.941 138.852 142.436 136.235 92.0869 82.4621 89.8888 80 87.818 77.666 88.8144 84.3801 85.6037 80.9938 96.3328 92.3472 88.3629 84.3801 32 24 28 118.457 116.619 114.543 112.641 110.635 108.665 106.733 104.69 117.712 105.906 117.098 105.224 104.995 96.1665 107.629 99.0353 101.98 104.69 99.0353 101.823 14.4222 14.4222 11.3137 11.3137 8.94427 8.94427 8 8 12.6491 4 12 0 12.6491 4 109.179 93.3809 109.836 94.1488 105.224 105.906 101.272 101.98 97.3242 98.0612 112.641 97.4064 111.571 96.1665 110.635 
110.635 113.278 107.629 110.345 141.421 133.207 138.622 130.231 135.882 127.311 138.622 132.966 135.882 130.108 89.4427 78.8923 87.7268 76.9415 86.1626 75.1532 85.8836 82.4621 82.365 78.7909 84.0952 80.0999 76.1052 72.111 37.9473 30.4631 34.176 107.703 105.224 103.846 101.272 100 97.3242 96.1665 93.3809 106.733 95.0789 105.906 94.1488 116 107.629 118.794 110.635 113.137 116 110.345 113.278 12 4 12.6491 5.65685 14.4222 8.94427 16.9706 12.6491 8 14.4222 4 12.6491 0 12 115.447 100 116.482 101.193 111.571 112.641 107.703 108.812 103.846 104.995 113.772 98.0612 113.137 97.3242 112.641 
120 122.442 116.825 119.331 150.147 142.436 147.187 139.313 144.278 136.235 147.513 141.534 144.941 138.852 95.4149 85.6037 93.2952 83.2346 91.3017 80.9938 92.0869 87.818 88.8144 84.3801 96.0833 92.0869 88.0909 84.0952 36 28 32 119.331 117.098 115.447 113.137 111.571 109.179 107.703 105.224 118.457 106.733 117.712 105.906 108.074 99.0353 110.635 101.823 104.995 107.629 101.98 104.69 16.9706 12.6491 14.4222 8.94427 12.6491 5.65685 12 4 14.4222 8 12.6491 4 12 0 113.137 97.3242 113.772 98.0612 109.179 109.836 105.224 105.906 101.272 101.98 116.482 101.193 115.447 100 114.543 
215.407 218.833 213.354 216.813 128.561 130.231 124.579 126.301 120.599 122.376 128.996 121.062 129.553 121.655 75.1532 80.9938 71.5542 77.666 68 74.4043 76.9415 69.9714 78.8923 72.111 161.245 158.493 155.795 153.154 77.666 85.5102 81.5843 156.461 163.218 153.101 160 149.773 156.818 146.479 153.675 158.644 148.809 160.897 151.208 59.0593 65.6049 62.6099 68.8186 61.0574 64.4981 63.2456 66.5733 103.846 119.331 102.84 118.457 101.98 117.712 101.272 117.098 107.703 105.224 111.571 109.179 115.447 113.137 0 16 4 16.4924 4 5.65685 8 8.94427 12 12.6491 48 50.5964 44 46.8188 40 
201.911 205.251 199.72 203.096 128.062 128.25 124.064 124.258 120.067 120.266 128 120 128.062 120.067 69.857 73.5391 65.9697 69.857 62.0967 66.2118 70.8802 63.2456 72.111 64.622 150.147 147.187 144.278 141.421 62.0967 69.857 65.9697 148.486 154.35 144.941 150.944 141.421 147.567 137.928 144.222 150.36 139.943 152.315 142.042 53.3667 57.2713 57.2713 60.9262 54.4059 58.2409 55.7136 59.4643 88.5438 103.846 87.3613 102.84 86.3481 101.98 85.5102 101.272 92.3472 89.4427 96.1665 93.3809 100 97.3242 16 0 16.4924 4 12 12.6491 8 8.94427 4 5.65685 50.5964 48 46.8188 44 43.0813 
217.513 220.907 215.407 218.833 132.544 134.164 128.561 130.231 124.579 126.301 132.966 125.028 133.507 125.603 78.7909 84.3801 75.1532 80.9938 71.5542 77.666 80.4984 73.4302 82.365 75.4718 164.049 161.245 158.493 155.795 78.5875 86.3481 82.4621 159.85 166.469 156.461 163.218 153.101 160 149.773 156.818 161.988 152.053 164.195 154.402 55.5698 62.482 59.0593 65.6049 57.6888 61.0574 60 63.2456 104.995 120.333 103.846 119.331 102.84 118.457 101.98 117.712 108.812 105.906 112.641 109.836 116.482 113.772 4 16.4924 0 16 5.65685 4 8.94427 8 12.6491 12 52 54.4059 48 50.5964 44 
