0 4 8 12 16 95.4149 98.7927 102.215 105.679 44 44.1814 40 40.1995 36 36.2215 32 32.249 28 28.2843 117.644 124.258 120.93 67.0522 65.1153 70.8802 69.0507 74.7262 72.9932 78.5875 76.9415 65.9697 77.666 114.543 125.539 112.925 124.064 111.427 122.703 110.055 121.458 118.186 113.842 121.852 117.644 66.2118 63.2456 62.6099 59.4643 64.622 60.9262 94.1488 98.0612 101.98 105.906 83.5225 81.5843 87.3613 85.5102 91.214 89.4427 95.0789 93.3809 82.4621 137.928 144.941 136 143.108 141.421 139.542 96.0833 108.074 96.3328 108.296 96.7471 108.665 100.08 100.717 104.077 104.69 79.6994 
4 0 4 8 12 92.0869 95.4149 98.7927 102.215 48 48.1664 44 44.1814 40 40.1995 36 36.2215 32 32.249 120 126.491 123.223 63.2456 61.1882 67.0522 65.1153 70.8802 69.0507 74.7262 72.9932 62.0967 73.7564 116.276 127.122 114.543 125.539 112.925 124.064 111.427 122.703 119.867 115.169 123.483 118.929 69.857 67.0522 66.2118 63.2456 68.352 64.622 90.2441 94.1488 98.0612 101.98 79.6994 77.666 83.5225 81.5843 87.3613 85.5102 91.214 89.4427 78.5875 139.943 146.86 137.928 144.941 143.388 141.421 96 108 96.0833 108.074 96.3328 108.296 100 100.319 104 104.307 78.5875 
8 4 0 4 8 88.8144 92.0869 95.4149 98.7927 52 52.1536 48 48.1664 44 44.1814 40 40.1995 36 36.2215 122.442 128.81 125.603 59.4643 57.2713 63.2456 61.1882 67.0522 65.1153 70.8802 69.0507 58.2409 69.857 118.119 128.81 116.276 127.122 114.543 125.539 112.925 124.064 121.655 116.619 125.22 120.333 73.5391 70.8802 69.857 67.0522 72.111 68.352 86.3481 90.2441 94.1488 98.0612 75.8947 73.7564 79.6994 77.666 83.5225 81.5843 87.3613 85.5102 74.7262 142.042 148.862 139.943 146.86 145.437 143.388 96.0833 108.074 96 108 96.0833 108.074 100.08 100.08 104.077 104.077 77.666 
12 8 4 0 4 85.6037 88.8144 92.0869 95.4149 56 56.1427 52 52.1536 48 48.1664 44 44.1814 40 40.1995 124.964 131.21 128.062 55.7136 53.3667 59.4643 57.2713 63.2456 61.1882 67.0522 65.1153 54.4059 65.9697 120.067 130.599 118.119 128.81 116.276 127.122 114.543 125.539 123.548 118.186 127.059 121.852 77.2528 74.7262 73.5391 70.8802 75.8947 72.111 82.4621 86.3481 90.2441 94.1488 72.111 69.857 75.8947 73.7564 79.6994 77.666 83.5225 81.5843 70.8802 144.222 150.944 142.042 148.862 147.567 145.437 96.3328 108.296 96.0833 108.074 96 108 100.319 100 104.307 104 76.9415 
16 12 8 4 0 82.4621 85.6037 88.8144 92.0869 60 60.1332 56 56.1427 52 52.1536 48 48.1664 44 44.1814 127.562 133.686 130.599 52 49.4773 55.7136 53.3667 59.4643 57.2713 63.2456 61.1882 50.5964 62.0967 122.115 132.484 120.067 130.599 118.119 128.81 116.276 127.122 125.539 119.867 128.996 123.483 80.9938 78.5875 77.2528 74.7262 79.6994 75.8947 78.5875 82.4621 86.3481 90.2441 68.352 65.9697 72.111 69.857 75.8947 73.7564 79.6994 77.666 67.0522 146.479 153.101 144.222 150.944 149.773 147.567 96.7471 108.665 96.3328 108.296 96.0833 108.074 100.717 100.08 104.69 104.077 76.4199 
95.4149 92.0869 88.8144 85.6037 82.4621 0 4 8 12 134.462 136.059 130.782 132.424 127.122 128.81 123.483 125.22 119.867 121.655 209.304 215.035 212.151 35.7771 43.0813 34.176 41.7612 32.9848 40.7922 32.249 40.1995 39.3954 36.2215 201.792 211.206 199.279 208.806 196.815 206.456 194.402 204.157 204.9 197.626 208.038 200.878 142.042 143.611 138.101 139.714 142.773 138.852 34.176 35.7771 37.7359 40 28 36 28.2843 36.2215 29.1204 36.8782 30.4631 37.9473 32 226.91 233.032 224.321 230.512 229.957 227.403 166.373 177.133 164.584 175.454 162.874 173.851 169.941 166.517 173.528 170.176 139.714 
98.7927 95.4149 92.0869 88.8144 85.6037 4 0 4 8 138.159 139.714 134.462 136.059 130.782 132.424 127.122 128.81 123.483 125.22 212.151 217.807 214.96 37.7359 44.7214 35.7771 43.0813 34.176 41.7612 32.9848 40.7922 41.1825 36.8782 204.353 213.654 201.792 211.206 199.279 208.806 196.815 206.456 207.422 200 210.523 203.214 145.986 147.513 142.042 143.611 146.697 142.773 32.9848 34.176 35.7771 37.7359 28.2843 36.2215 28 36 28.2843 36.2215 29.1204 36.8782 32.249 229.539 235.593 226.91 233.032 232.551 229.957 168.238 178.885 166.373 177.133 164.584 175.454 171.767 168.19 175.317 171.814 141.365 
102.215 98.7927 95.4149 92.0869 88.8144 8 4 0 4 141.873 143.388 138.159 139.714 134.462 136.059 130.782 132.424 127.122 128.81 215.035 220.617 217.807 40 46.6476 37.7359 44.7214 35.7771 43.0813 34.176 41.7612 43.2666 37.9473 206.959 216.148 204.353 213.654 201.792 211.206 199.279 208.806 209.99 202.425 213.054 205.602 149.933 151.42 145.986 147.513 150.625 146.697 32.249 32.9848 34.176 35.7771 29.1204 36.8782 28.2843 36.2215 28 36 28.2843 36.2215 32.9848 232.207 238.193 229.539 235.593 235.185 232.551 170.176 180.71 168.238 178.885 166.373 177.133 173.666 169.941 177.178 173.528 143.108 
105.679 102.215 98.7927 95.4149 92.0869 12 8 4 0 145.602 147.078 141.873 143.388 138.159 139.714 134.462 136.059 130.782 132.424 217.954 223.464 220.69 42.5206 48.8262 40 46.6476 37.7359 44.7214 35.7771 43.0813 45.607 39.3954 209.609 218.687 206.959 216.148 204.353 213.654 201.792 211.206 212.603 204.9 215.629 208.038 153.883 155.332 149.933 151.42 154.557 150.625 32 32.249 32.9848 34.176 30.4631 37.9473 29.1204 36.8782 28.2843 36.2215 28 36 34.176 234.913 240.832 232.207 238.193 237.857 235.185 172.186 182.603 170.176 180.71 168.238 178.885 175.636 171.767 179.109 175.317 144.941 
44 48 52 56 60 134.462 138.159 141.873 145.602 0 4 4 5.65685 8 8.94427 12 12.6491 16 16.4924 98.9545 106.733 102.84 109.836 108.665 113.772 112.641 117.712 116.619 121.655 120.599 109.179 121.062 104.077 116.069 104 116 104.077 116.069 104.307 116.276 108.074 108.296 112.071 112.285 32.249 25.6125 30.4631 23.3238 28.8444 26.8328 137.463 141.421 145.382 149.345 126.301 125.028 130.231 128.996 134.164 132.966 138.101 136.938 125.603 122.376 130.231 121.655 129.553 126.301 125.603 107.331 118.186 109.179 119.867 111.14 121.655 110.923 114.612 114.543 118.119 101.98 
44.1814 48.1664 52.1536 56.1427 60.1332 136.059 139.714 143.388 147.078 4 0 5.65685 4 8.94427 8 12.6491 12 16.4924 16 95.0789 102.84 98.9545 110.635 109.179 114.543 113.137 118.457 117.098 122.376 121.062 109.836 121.655 100.08 112.071 100 112 100.08 112.071 100.319 112.285 104.077 104.307 108.074 108.296 35.7771 28.8444 34.176 26.8328 32.249 30.4631 138.101 142.042 145.986 149.933 127.122 125.603 131.027 129.553 134.937 133.507 138.852 137.463 126.301 118.457 126.301 117.712 125.603 122.376 121.655 103.769 114.543 105.679 116.276 107.703 118.119 107.331 111.14 110.923 114.612 99.0353 
40 44 48 52 56 130.782 134.462 138.159 141.873 4 5.65685 0 4 4 5.65685 8 8.94427 12 12.6491 100 107.703 103.846 105.906 104.69 109.836 108.665 113.772 112.641 117.712 116.619 105.224 117.098 104.307 116.276 104.077 116.069 104 116 104.077 116.069 108.296 108.074 112.285 112.071 34.4093 28.2843 32.249 25.6125 31.241 28.8444 133.507 137.463 141.421 145.382 122.376 121.062 126.301 125.028 130.231 128.996 134.164 132.966 121.655 123.223 131.027 122.376 130.231 127.122 126.301 105.603 116.619 107.331 118.186 109.179 119.867 109.252 112.712 112.925 116.276 99.3579 
40.1995 44.1814 48.1664 52.1536 56.1427 132.424 136.059 139.714 143.388 5.65685 4 4 0 5.65685 4 8.94427 8 12.6491 12 96.1665 103.846 100 106.733 105.224 110.635 109.179 114.543 113.137 118.457 117.098 105.906 117.712 100.319 112.285 100.08 112.071 100 112 100.08 112.071 104.307 104.077 108.296 108.074 37.7359 31.241 35.7771 28.8444 34.4093 32.249 134.164 138.101 142.042 145.986 123.223 121.655 127.122 125.603 131.027 129.553 134.937 133.507 122.376 119.331 127.122 118.457 126.301 123.223 122.376 101.98 112.925 103.769 114.543 105.679 116.276 105.603 109.179 109.252 112.712 96.3328 
36 40 44 48 52 127.122 130.782 134.462 138.159 8 8.94427 4 5.65685 0 4 4 5.65685 8 8.94427 101.193 108.812 104.995 101.98 100.717 105.906 104.69 109.836 108.665 113.772 112.641 101.272 113.137 104.69 116.619 104.307 116.276 104.077 116.069 104 116 108.665 108 112.641 112 36.8782 31.241 34.4093 28.2843 33.9411 31.241 129.553 133.507 137.463 141.421 118.457 117.098 122.376 121.062 126.301 125.028 130.231 128.996 117.712 124.193 131.939 123.223 131.027 128.062 127.122 104 115.169 105.603 116.619 107.331 118.186 107.703 110.923 111.427 114.543 96.8297 
36.2215 40.1995 44.1814 48.1664 52.1536 128.81 132.424 136.059 139.714 8.94427 8 5.65685 4 4 0 5.65685 4 8.94427 8 97.4064 104.995 101.193 102.84 101.272 106.733 105.224 110.635 109.179 114.543 113.137 101.98 113.772 100.717 112.641 100.319 112.285 100.08 112.071 100 112 104.69 104 108.665 108 40 33.9411 37.7359 31.241 36.8782 34.4093 130.231 134.164 138.101 142.042 119.331 117.712 123.223 121.655 127.122 125.603 131.027 129.553 118.457 120.333 128.062 119.331 127.122 124.193 123.223 100.319 111.427 101.98 112.925 103.769 114.543 104 107.331 107.703 110.923 93.723 
32 36 40 44 48 123.483 127.122 130.782 134.462 12 12.6491 8 8.94427 4 5.65685 0 4 4 5.65685 102.528 110.055 106.283 98.0612 96.7471 101.98 100.717 105.906 104.69 109.836 108.665 97.3242 109.179 105.224 117.098 104.69 116.619 104.307 116.276 104.077 116.069 109.179 108.074 113.137 112.071 39.598 34.4093 36.8782 31.241 36.8782 33.9411 125.603 129.553 133.507 137.463 114.543 113.137 118.457 117.098 122.376 121.062 126.301 125.028 113.772 125.284 132.966 124.193 131.939 129.12 128.062 102.528 113.842 104 115.169 105.603 116.619 106.283 109.252 110.055 112.925 94.4034 
32.249 36.2215 40.1995 44.1814 48.1664 125.22 128.81 132.424 136.059 12.6491 12 8.94427 8 5.65685 4 4 0 5.65685 4 98.7927 106.283 102.528 98.9545 97.3242 102.84 101.272 106.733 105.224 110.635 109.179 98.0612 109.836 101.272 113.137 100.717 112.641 100.319 112.285 100.08 112.071 105.224 104.077 109.179 108.074 42.5206 36.8782 40 33.9411 39.598 36.8782 126.301 130.231 134.164 138.101 115.447 113.772 119.331 117.712 123.223 121.655 127.122 125.603 114.543 121.458 129.12 120.333 128.062 125.284 124.193 98.7927 110.055 100.319 111.427 101.98 112.925 102.528 105.603 106.283 109.252 91.214 
28 32 36 40 44 119.867 123.483 127.122 130.782 16 16.4924 12 12.6491 8 8.94427 4 5.65685 0 4 104 111.427 107.703 94.1488 92.7793 98.0612 96.7471 101.98 100.717 105.906 104.69 93.3809 105.224 105.906 117.712 105.224 117.098 104.69 116.619 104.307 116.276 109.836 108.296 113.772 112.285 42.5206 37.7359 39.598 34.4093 40 36.8782 121.655 125.603 129.553 133.507 110.635 109.179 114.543 113.137 118.457 117.098 122.376 121.062 109.836 126.491 134.104 125.284 132.966 130.292 129.12 101.193 112.641 102.528 113.842 104 115.169 104.995 107.703 108.812 111.427 92.0869 
28.2843 32.249 36.2215 40.1995 44.1814 121.655 125.22 128.81 132.424 16.4924 16 12.6491 12 8.94427 8 5.65685 4 4 0 100.319 107.703 104 95.0789 93.3809 98.9545 97.3242 102.84 101.272 106.733 105.224 94.1488 105.906 101.98 113.772 101.272 113.137 100.717 112.641 100.319 112.285 105.906 104.307 109.836 108.296 45.2548 40 42.5206 36.8782 42.5206 39.598 122.376 126.301 130.231 134.164 111.571 109.836 115.447 113.772 119.331 117.712 123.223 121.655 110.635 122.703 130.292 121.458 129.12 126.491 125.284 97.4064 108.812 98.7927 110.055 100.319 111.427 101.193 104 104.995 107.703 88.8144 
117.644 120 122.442 124.964 127.562 209.304 212.151 215.035 217.954 98.9545 95.0789 100 96.1665 101.193 97.4064 102.528 98.7927 104 100.319 0 8 4 175.727 170.552 178.751 173.666 181.813 176.816 184.911 180 173.113 182.428 21.5407 28.2843 25.2982 31.241 29.1204 34.4093 32.9848 37.7359 23.3238 34.176 25.6125 35.7771 124.258 116.276 124.579 116.619 120.266 120.599 197.626 200.878 204.157 207.461 190.536 185.602 193.659 188.807 196.815 192.042 200 195.305 188.043 24 32 24.3311 32.249 28 28.2843 72 72.9932 76 76.9415 80 80.895 72.111 80.0999 72.4431 80.399 94.1488 
124.258 126.491 128.81 131.21 133.686 215.035 217.807 220.617 223.464 106.733 102.84 107.703 103.846 108.812 104.995 110.055 106.283 111.427 107.703 8 0 4 181.108 175.727 184.043 178.751 187.019 181.813 190.032 184.911 178.393 187.446 20 23.3238 24 26.8328 28 30.4631 32 34.176 20.3961 32.249 21.5407 32.9848 132.242 124.258 132.544 124.579 128.25 128.561 202.425 205.602 208.806 212.038 195.673 190.536 198.716 193.659 201.792 196.815 204.9 200 193.08 16 24 16.4924 24.3311 20 20.3961 72.4431 72.111 76.4199 76.1052 80.399 80.0999 72.111 80.0999 72 80 96.1665 
120.93 123.223 125.603 128.062 130.599 212.151 214.96 217.807 220.69 102.84 98.9545 103.846 100 104.995 101.193 106.283 102.528 107.703 104 4 4 0 178.393 173.113 181.373 176.182 184.391 179.287 187.446 182.428 175.727 184.911 20.3961 25.6125 24.3311 28.8444 28.2843 32.249 32.249 35.7771 21.5407 32.9848 23.3238 34.176 128.25 120.266 128.561 120.599 124.258 124.579 200 203.214 206.456 209.724 193.08 188.043 196.163 191.207 199.279 194.402 202.425 197.626 190.536 20 28 20.3961 28.2843 24 24.3311 72.111 72.4431 76.1052 76.4199 80.0999 80.399 72 80 72.111 80.0999 95.0789 
67.0522 63.2456 59.4643 55.7136 52 35.7771 37.7359 40 42.5206 109.836 110.635 105.906 106.733 101.98 102.84 98.0612 98.9545 94.1488 95.0789 175.727 181.108 178.393 0 8 4 8.94427 8 11.3137 12 14.4222 4 12.6491 167.093 176.182 164.438 173.666 161.839 171.207 159.298 168.808 170.082 162.432 173.113 165.602 124.258 124 120.266 120 124.064 120.067 28 32 36 40 16.4924 16.4924 20.3961 20.3961 24.3311 24.3311 28.2843 28.2843 16 192.416 198.313 189.694 195.673 195.346 192.666 130.599 141.365 128.81 139.714 127.122 138.159 134.164 130.782 137.753 134.462 104 
65.1153 61.1882 57.2713 53.3667 49.4773 43.0813 44.7214 46.6476 48.8262 108.665 109.179 104.69 105.224 100.717 101.272 96.7471 97.3242 92.7793 93.3809 170.552 175.727 173.113 8 0 8.94427 4 11.3137 8 14.4222 12 4 12.6491 161.245 170.082 158.493 167.475 155.795 164.924 153.154 162.432 164.146 156.205 167.093 159.298 125.028 124.258 121.062 120.266 124.579 120.599 29.1204 32.9848 36.8782 40.7922 20 16.4924 23.3238 20.3961 26.8328 24.3311 30.4631 28.2843 17.8885 186.676 192.416 183.87 189.694 189.526 186.762 123.548 134.164 121.655 132.424 119.867 130.782 127.059 123.483 130.599 127.122 96.6644 
70.8802 67.0522 63.2456 59.4643 55.7136 34.176 35.7771 37.7359 40 113.772 114.543 109.836 110.635 105.906 106.733 101.98 102.84 98.0612 98.9545 178.751 184.043 181.373 4 8.94427 0 8 4 8.94427 8 11.3137 5.65685 8.94427 169.8 178.751 167.093 176.182 164.438 173.666 161.839 171.207 172.743 164.924 175.727 168.048 128.25 128 124.258 124 128.062 124.064 24 28 32 36 12.6491 12.6491 16.4924 16.4924 20.3961 20.3961 24.3311 24.3311 12 195.182 200.998 192.416 198.313 198.071 195.346 132.484 143.108 130.599 141.365 128.81 139.714 136 132.424 139.542 136.059 105.603 
69.0507 65.1153 61.1882 57.2713 53.3667 41.7612 43.0813 44.7214 46.6476 112.641 113.137 108.665 109.179 104.69 105.224 100.717 101.272 96.7471 97.3242 173.666 178.751 176.182 8.94427 4 8 0 8.94427 4 11.3137 8 5.65685 8.94427 164.049 172.743 161.245 170.082 158.493 167.475 155.795 164.924 166.901 158.795 169.8 161.839 128.996 128.25 125.028 124.258 128.561 124.579 25.2982 29.1204 32.9848 36.8782 16.9706 12.6491 20 16.4924 23.3238 20.3961 26.8328 24.3311 14.4222 189.526 195.182 186.676 192.416 192.333 189.526 125.539 136 123.548 134.164 121.655 132.424 128.996 125.22 132.484 128.81 98.387 
74.7262 70.8802 67.0522 63.2456 59.4643 32.9848 34.176 35.7771 37.7359 117.712 118.457 113.772 114.543 109.836 110.635 105.906 106.733 101.98 102.84 181.813 187.019 184.391 8 11.3137 4 8.94427 0 8 4 8.94427 8.94427 5.65685 172.557 181.373 169.8 178.751 167.093 176.182 164.438 173.666 175.454 167.475 178.393 170.552 132.242 132 128.25 128 132.061 128.062 20 24 28 32 8.94427 8.94427 12.6491 12.6491 16.4924 16.4924 20.3961 20.3961 8 197.99 203.725 195.182 200.998 200.838 198.071 134.462 144.941 132.484 143.108 130.599 141.365 137.928 134.164 141.421 137.753 107.331 
72.9932 69.0507 65.1153 61.1882 57.2713 40.7922 41.7612 43.0813 44.7214 116.619 117.098 112.641 113.137 108.665 109.179 104.69 105.224 100.717 101.272 176.816 181.813 179.287 11.3137 8 8.94427 4 8 0 8.94427 4 8.94427 5.65685 166.901 175.454 164.049 172.743 161.245 170.082 158.493 167.475 169.706 161.443 172.557 164.438 132.966 132.242 128.996 128.25 132.544 128.561 21.5407 25.2982 29.1204 32.9848 14.4222 8.94427 16.9706 12.6491 20 16.4924 23.3238 20.3961 11.3137 192.416 197.99 189.526 195.182 195.182 192.333 127.624 137.928 125.539 136 123.548 134.164 131.027 127.059 134.462 130.599 100.24 
78.5875 74.7262 70.8802 67.0522 63.2456 32.249 32.9848 34.176 35.7771 121.655 122.376 117.712 118.457 113.772 114.543 109.836 110.635 105.906 106.733 184.911 190.032 187.446 12 14.4222 8 11.3137 4 8.94427 0 8 12.6491 4 175.362 184.043 172.557 181.373 169.8 178.751 167.093 176.182 178.213 170.082 181.108 173.113 136.235 136 132.242 132 136.059 132.061 16 20 24 28 5.65685 5.65685 8.94427 8.94427 12.6491 12.6491 16.4924 16.4924 4 200.838 206.495 197.99 203.725 203.647 200.838 136.528 146.86 134.462 144.941 132.484 143.108 139.943 136 143.388 139.542 109.179 
76.9415 72.9932 69.0507 65.1153 61.1882 40.1995 40.7922 41.7612 43.0813 120.599 121.062 116.619 117.098 112.641 113.137 108.665 109.179 104.69 105.224 180 184.911 182.428 14.4222 12 11.3137 8 8.94427 4 8 0 12.6491 4 169.8 178.213 166.901 175.454 164.049 172.743 161.245 170.082 172.557 164.146 175.362 167.093 136.938 136.235 132.966 132.242 136.528 132.544 17.8885 21.5407 25.2982 29.1204 12.6491 5.65685 14.4222 8.94427 16.9706 12.6491 20 16.4924 8.94427 195.346 200.838 192.416 197.99 198.071 195.182 129.8 139.943 127.624 137.928 125.539 136 133.147 128.996 136.528 132.484 102.215 
65.9697 62.0967 58.2409 54.4059 50.5964 39.3954 41.1825 43.2666 45.607 109.179 109.836 105.224 105.906 101.272 101.98 97.3242 98.0612 93.3809 94.1488 173.113 178.393 175.727 4 4 5.65685 5.65685 8.94427 8.94427 12.6491 12.6491 0 12 164.146 173.113 161.443 170.552 158.795 168.048 156.205 165.602 167.093 159.298 170.082 162.432 124.579 124.064 120.599 120.067 124.258 120.266 28.2843 32.249 36.2215 40.1995 17.8885 16 21.5407 20 25.2982 24 29.1204 28 16.4924 189.526 195.346 186.762 192.666 192.416 189.694 127.059 137.753 125.22 136.059 123.483 134.462 130.599 127.122 134.164 130.782 100.319 
77.666 73.7564 69.857 65.9697 62.0967 36.2215 36.8782 37.9473 39.3954 121.062 121.655 117.098 117.712 113.137 113.772 109.179 109.836 105.224 105.906 182.428 187.446 184.911 12.6491 12.6491 8.94427 8.94427 5.65685 5.65685 4 4 12 0 172.557 181.108 169.706 178.393 166.901 175.727 164.146 173.113 175.362 167.093 178.213 170.082 136.528 136.059 132.544 132.061 136.235 132.242 16.4924 20.3961 24.3311 28.2843 8.94427 4 11.3137 8 14.4222 12 17.8885 16 5.65685 198.071 203.647 195.182 200.838 200.838 197.99 133.147 143.388 131.027 141.421 128.996 139.542 136.528 132.484 139.943 136 105.679 
114.543 116.276 118.119 120.067 122.115 201.792 204.353 206.959 209.609 104.077 100.08 104.307 100.319 104.69 100.717 105.224 101.272 105.906 101.98 21.5407 20 20.3961 167.093 161.245 169.8 164.049 172.557 166.901 175.362 169.8 164.146 172.557 0 12 4 12.6491 8 14.4222 12 16.9706 4 12.6491 8 14.4222 132.544 124.579 132.242 124.258 128.561 128.25 187.019 190.032 193.08 196.163 181.019 175.454 183.87 178.393 186.762 181.373 189.694 184.391 178.213 25.6125 31.241 22.6274 28.8444 28.2843 25.6125 52.6118 52.1536 56.5685 56.1427 60.531 60.1332 52.1536 60.1332 52 60 77.2528 
125.539 127.122 128.81 130.599 132.484 211.206 213.654 216.148 218.687 116.069 112.071 116.276 112.285 116.619 112.641 117.098 113.137 117.712 113.772 28.2843 23.3238 25.6125 176.182 170.082 178.751 172.743 181.373 175.454 184.043 178.213 173.113 181.108 12 0 12.6491 4 14.4222 8 16.9706 12 8 14.4222 4 12.6491 144.499 136.528 144.222 136.235 140.513 140.228 195.182 198.071 200.998 203.961 189.694 183.87 192.416 186.676 195.182 189.526 197.99 192.416 186.762 20.3961 23.3238 16.4924 20 21.5407 17.8885 55.7136 52.6118 59.4643 56.5685 63.2456 60.531 54.4059 62.0967 53.3667 61.1882 82.365 
112.925 114.543 116.276 118.119 120.067 199.279 201.792 204.353 206.959 104 100 104.077 100.08 104.307 100.319 104.69 100.717 105.224 101.272 25.2982 24 24.3311 164.438 158.493 167.093 161.245 169.8 164.049 172.557 166.901 161.443 169.706 4 12.6491 0 12 4 12.6491 8 14.4222 5.65685 8.94427 8.94427 11.3137 132.966 125.028 132.544 124.579 128.996 128.561 184.043 187.019 190.032 193.08 178.213 172.557 181.019 175.454 183.87 178.393 186.762 181.373 175.362 28.8444 33.9411 25.6125 31.241 31.241 28.2843 48.6621 48.1664 52.6118 52.1536 56.5685 56.1427 48.1664 56.1427 48 56 73.5391 
124.064 125.539 127.122 128.81 130.599 208.806 211.206 213.654 216.148 116 112 116.069 112.071 116.276 112.285 116.619 112.641 117.098 113.137 31.241 26.8328 28.8444 173.666 167.475 176.182 170.082 178.751 172.743 181.373 175.454 170.552 178.393 12.6491 4 12 0 12.6491 4 14.4222 8 8.94427 11.3137 5.65685 8.94427 144.886 136.938 144.499 136.528 140.911 140.513 192.333 195.182 198.071 200.998 187.019 181.108 189.694 183.87 192.416 186.676 195.182 189.526 184.043 24.3311 26.8328 20.3961 23.3238 25.2982 21.5407 52 48.6621 55.7136 52.6118 59.4643 56.5685 50.5964 58.2409 49.4773 57.2713 78.8923 
111.427 112.925 114.543 116.276 118.119 196.815 199.279 201.792 204.353 104.077 100.08 104 100 104.077 100.08 104.307 100.319 104.69 100.717 29.1204 28 28.2843 161.839 155.795 164.438 158.493 167.093 161.245 169.8 164.049 158.795 166.901 8 14.4222 4 12.6491 0 12 4 12.6491 8.94427 5.65685 11.3137 8.94427 133.507 125.603 132.966 125.028 129.553 128.996 181.108 184.043 187.019 190.032 175.454 169.706 178.213 172.557 181.019 175.454 183.87 178.393 172.557 32.249 36.8782 28.8444 33.9411 34.4093 31.241 44.7214 44.1814 48.6621 48.1664 52.6118 52.1536 44.1814 52.1536 44 52 69.857 
122.703 124.064 125.539 127.122 128.81 206.456 208.806 211.206 213.654 116.069 112.071 116 112 116.069 112.071 116.276 112.285 116.619 112.641 34.4093 30.4631 32.249 171.207 164.924 173.666 167.475 176.182 170.082 178.751 172.743 168.048 175.727 14.4222 8 12.6491 4 12 0 12.6491 4 11.3137 8.94427 8.94427 5.65685 145.382 137.463 144.886 136.938 141.421 140.911 189.526 192.333 195.182 198.071 184.391 178.393 187.019 181.108 189.694 183.87 192.416 186.676 181.373 28.2843 30.4631 24.3311 26.8328 29.1204 25.2982 48.3322 44.7214 52 48.6621 55.7136 52.6118 46.8188 54.4059 45.607 53.3667 75.4718 
110.055 111.427 112.925 114.543 116.276 194.402 196.815 199.279 201.792 104.307 100.319 104.077 100.08 104 100 104.077 100.08 104.307 100.319 32.9848 32 32.249 159.298 153.154 161.839 155.795 164.438 158.493 167.093 161.245 156.205 164.146 12 16.9706 8 14.4222 4 12.6491 0 12 12.6491 4 14.4222 8 134.164 126.301 133.507 125.603 130.231 129.553 178.213 181.108 184.043 187.019 172.743 166.901 175.454 169.706 178.213 172.557 181.019 175.454 169.8 35.7771 40 32.249 36.8782 37.7359 34.4093 40.7922 40.1995 44.7214 44.1814 48.6621 48.1664 40.1995 48.1664 40 48 66.2118 
121.458 122.703 124.064 125.539 127.122 204.157 206.456 208.806 211.206 116.276 112.285 116.069 112.071 116 112 116.069 112.071 116.276 112.285 37.7359 34.176 35.7771 168.808 162.432 171.207 164.924 173.666 167.475 176.182 170.082 165.602 173.113 16.9706 12 14.4222 8 12.6491 4 12 0 14.4222 8 12.6491 4 145.986 138.101 145.382 137.463 142.042 141.421 186.762 189.526 192.333 195.182 181.813 175.727 184.391 178.393 187.019 181.108 189.694 183.87 178.751 32.249 34.176 28.2843 30.4631 32.9848 29.1204 44.7214 40.7922 48.3322 44.7214 52 48.6621 43.0813 50.5964 41.7612 49.4773 72.111 
118.186 119.867 121.655 123.548 125.539 204.9 207.422 209.99 212.603 108.074 104.077 108.296 104.307 108.665 104.69 109.179 105.224 109.836 105.906 23.3238 20.3961 21.5407 170.082 164.146 172.743 166.901 175.454 169.706 178.213 172.557 167.093 175.362 4 8 5.65685 8.94427 8.94427 11.3137 12.6491 14.4222 0 12 4 12.6491 136.528 128.561 136.235 128.25 132.544 132.242 189.694 192.666 195.673 198.716 183.87 178.213 186.676 181.108 189.526 184.043 192.416 187.019 181.019 23.3238 28.2843 20 25.6125 25.6125 22.6274 53.3667 52 57.2713 56 61.1882 60 52.6118 60.531 52.1536 60.1332 78.7909 
113.842 115.169 116.619 118.186 119.867 197.626 200 202.425 204.9 108.296 104.307 108.074 104.077 108 104 108.074 104.077 108.296 104.307 34.176 32.249 32.9848 162.432 156.205 164.924 158.795 167.475 161.443 170.082 164.146 159.298 167.093 12.6491 14.4222 8.94427 11.3137 5.65685 8.94427 4 8 12 0 12.6491 4 138.101 130.231 137.463 129.553 134.164 133.507 181.019 183.87 186.762 189.694 175.727 169.8 178.393 172.557 181.108 175.362 183.87 178.213 172.743 34.176 37.7359 30.4631 34.4093 35.7771 32.249 41.7612 40 45.607 44 49.4773 48 40.7922 48.6621 40.1995 48.1664 68 
121.852 123.483 125.22 127.059 128.996 208.038 210.523 213.054 215.629 112.071 108.074 112.285 108.296 112.641 108.665 113.137 109.179 113.772 109.836 25.6125 21.5407 23.3238 173.113 167.093 175.727 169.8 178.393 172.557 181.108 175.362 170.082 178.213 8 4 8.94427 5.65685 11.3137 8.94427 14.4222 12.6491 4 12.6491 0 12 140.513 132.544 140.228 132.242 136.528 136.235 192.416 195.346 198.313 201.316 186.762 181.019 189.526 183.87 192.333 186.762 195.182 189.694 183.87 21.5407 25.6125 17.8885 22.6274 23.3238 20 54.4059 52.1536 58.2409 56.1427 62.0967 60.1332 53.3667 61.1882 52.6118 60.531 80.4984 
117.644 118.929 120.333 121.852 123.483 200.878 203.214 205.602 208.038 112.285 108.296 112.071 108.074 112 108 112.071 108.074 112.285 108.296 35.7771 32.9848 34.176 165.602 159.298 168.048 161.839 170.552 164.438 173.113 167.093 162.432 170.082 14.4222 12.6491 11.3137 8.94427 8.94427 5.65685 8 4 12.6491 4 12 0 142.042 134.164 141.421 133.507 138.101 137.463 183.87 186.676 189.526 192.416 178.751 172.743 181.373 175.454 184.043 178.213 186.762 181.019 175.727 32.9848 35.7771 29.1204 32.249 34.176 30.4631 43.0813 40.1995 46.8188 44.1814 50.5964 48.1664 41.7612 49.4773 40.7922 48.6621 69.9714 
66.2118 69.857 73.5391 77.2528 80.9938 142.042 145.986 149.933 153.883 32.249 35.7771 34.4093 37.7359 36.8782 40 39.598 42.5206 42.5206 45.2548 124.258 132.242 128.25 124.258 125.028 128.25 128.996 132.242 132.966 136.235 136.938 124.579 136.528 132.544 144.499 132.966 144.886 133.507 145.382 134.164 145.986 136.528 138.101 140.513 142.042 0 8 4 8.94427 4 5.65685 152.21 156.205 160.2 164.195 140.057 140.513 144.056 144.499 148.054 148.486 152.053 152.473 140.228 148.216 156.205 148.054 156.051 152.21 152.053 139.542 150.306 141.421 152.053 143.388 153.883 143.108 146.86 146.697 150.36 133.686 
63.2456 67.0522 70.8802 74.7262 78.5875 143.611 147.513 151.42 155.332 25.6125 28.8444 28.2843 31.241 31.241 33.9411 34.4093 36.8782 37.7359 40 116.276 124.258 120.266 124 124.258 128 128.25 132 132.242 136 136.235 124.064 136.059 124.579 136.528 125.028 136.938 125.603 137.463 126.301 138.101 128.561 130.231 132.544 134.164 8 0 8.94427 4 4 5.65685 152 156 160 164 140.057 140.057 144.056 144.056 148.054 148.054 152.053 152.053 140 140.228 148.216 140.057 148.054 144.222 144.056 132.484 143.108 134.462 144.941 136.528 146.86 136 139.943 139.542 143.388 127.562 
62.6099 66.2118 69.857 73.5391 77.2528 138.101 142.042 145.986 149.933 30.4631 34.176 32.249 35.7771 34.4093 37.7359 36.8782 40 39.598 42.5206 124.579 132.544 128.561 120.266 121.062 124.258 125.028 128.25 128.996 132.242 132.966 120.599 132.544 132.242 144.222 132.544 144.499 132.966 144.886 133.507 145.382 136.235 137.463 140.228 141.421 4 8.94427 0 8 5.65685 4 148.216 152.21 156.205 160.2 136.059 136.528 140.057 140.513 144.056 144.499 148.054 148.486 136.235 148.486 156.461 148.216 156.205 152.473 152.21 137.753 148.647 139.542 150.306 141.421 152.053 141.365 144.941 144.997 148.486 131.21 
59.4643 63.2456 67.0522 70.8802 74.7262 139.714 143.611 147.513 151.42 23.3238 26.8328 25.6125 28.8444 28.2843 31.241 31.241 33.9411 34.4093 36.8782 116.619 124.579 120.599 120 120.266 124 124.258 128 128.25 132 132.242 120.067 132.061 124.258 136.235 124.579 136.528 125.028 136.938 125.603 137.463 128.25 129.553 132.242 133.507 8.94427 4 8 0 5.65685 4 148 152 156 160 136.059 136.059 140.057 140.057 144.056 144.056 148.054 148.054 136 140.513 148.486 140.228 148.216 144.499 144.222 130.599 141.365 132.484 143.108 134.462 144.941 134.164 137.928 137.753 141.421 124.964 
64.622 68.352 72.111 75.8947 79.6994 142.773 146.697 150.625 154.557 28.8444 32.249 31.241 34.4093 33.9411 36.8782 36.8782 39.598 40 42.5206 120.266 128.25 124.258 124.064 124.579 128.062 128.561 132.061 132.544 136.059 136.528 124.258 136.235 128.561 140.513 128.996 140.911 129.553 141.421 130.231 142.042 132.544 134.164 136.528 138.101 4 4 5.65685 5.65685 0 4 152.053 156.051 160.05 164.049 140 140.228 144 144.222 148 148.216 152 152.21 140.057 144.222 152.21 144.056 152.053 148.216 148.054 136 146.697 137.928 148.486 139.943 150.36 139.542 143.388 143.108 146.86 130.599 
60.9262 64.622 68.352 72.111 75.8947 138.852 142.773 146.697 150.625 26.8328 30.4631 28.8444 32.249 31.241 34.4093 33.9411 36.8782 36.8782 39.598 120.599 128.561 124.579 120.067 120.599 124.064 124.579 128.062 128.561 132.061 132.544 120.266 132.242 128.25 140.228 128.561 140.513 128.996 140.911 129.553 141.421 132.242 133.507 136.235 137.463 5.65685 5.65685 4 4 4 0 148.054 152.053 156.051 160.05 136 136.235 140 140.228 144 144.222 148 148.216 136.059 144.499 152.473 144.222 152.21 148.486 148.216 134.164 144.997 136 146.697 137.928 148.486 137.753 141.421 141.365 144.941 128.062 
94.1488 90.2441 86.3481 82.4621 78.5875 34.176 32.9848 32.249 32 137.463 138.101 133.507 134.164 129.553 130.231 125.603 126.301 121.655 122.376 197.626 202.425 200 28 29.1204 24 25.2982 20 21.5407 16 17.8885 28.2843 16.4924 187.019 195.182 184.043 192.333 181.108 189.526 178.213 186.762 189.694 181.019 192.416 183.87 152.21 152 148.216 148 152.053 148.054 0 4 8 12 12.6491 12.6491 8.94427 8.94427 5.65685 5.65685 4 4 12 212.603 217.954 209.609 215.035 215.258 212.302 145.602 155.332 143.22 153.101 140.911 150.944 148.809 144.222 152.053 147.567 117.644 
98.0612 94.1488 90.2441 86.3481 82.4621 35.7771 34.176 32.9848 32.249 141.421 142.042 137.463 138.101 133.507 134.164 129.553 130.231 125.603 126.301 200.878 205.602 203.214 32 32.9848 28 29.1204 24 25.2982 20 21.5407 32.249 20.3961 190.032 198.071 187.019 195.182 184.043 192.333 181.108 189.526 192.666 183.87 195.346 186.676 156.205 156 152.21 152 156.051 152.053 4 0 4 8 16.4924 16.4924 12.6491 12.6491 8.94427 8.94427 5.65685 5.65685 16 215.629 220.907 212.603 217.954 218.248 215.258 148.054 157.632 145.602 155.332 143.22 153.101 151.208 146.479 154.402 149.773 120 
101.98 98.0612 94.1488 90.2441 86.3481 37.7359 35.7771 34.176 32.9848 145.382 145.986 141.421 142.042 137.463 138.101 133.507 134.164 129.553 130.231 204.157 208.806 206.456 36 36.8782 32 32.9848 28 29.1204 24 25.2982 36.2215 24.3311 193.08 200.998 190.032 198.071 187.019 195.182 184.043 192.333 195.673 186.762 198.313 189.526 160.2 160 156.205 156 160.05 156.051 8 4 0 4 20.3961 20.3961 16.4924 16.4924 12.6491 12.6491 8.94427 8.94427 20 218.687 223.893 215.629 220.907 221.269 218.248 150.572 160 148.054 157.632 145.602 155.332 153.675 148.809 156.818 152.053 122.442 
105.906 101.98 98.0612 94.1488 90.2441 40 37.7359 35.7771 34.176 149.345 149.933 145.382 145.986 141.421 142.042 137.463 138.101 133.507 134.164 207.461 212.038 209.724 40 40.7922 36 36.8782 32 32.9848 28 29.1204 40.1995 28.2843 196.163 203.961 193.08 200.998 190.032 198.071 187.019 195.182 198.716 189.694 201.316 192.416 164.195 164 160.2 160 164.049 160.05 12 8 4 0 24.3311 24.3311 20.3961 20.3961 16.4924 16.4924 12.6491 12.6491 24 221.775 226.91 218.687 223.893 224.321 221.269 153.154 162.432 150.572 160 148.054 157.632 156.205 151.208 159.298 154.402 124.964 
83.5225 79.6994 75.8947 72.111 68.352 28 28.2843 29.1204 30.4631 126.301 127.122 122.376 123.223 118.457 119.331 114.543 115.447 110.635 111.571 190.536 195.673 193.08 16.4924 20 12.6491 16.9706 8.94427 14.4222 5.65685 12.6491 17.8885 8.94427 181.019 189.694 178.213 187.019 175.454 184.391 172.743 181.813 183.87 175.727 186.762 178.751 140.057 140.057 136.059 136.059 140 136 12.6491 16.4924 20.3961 24.3311 0 8 4 8.94427 8 11.3137 12 14.4222 4 206.495 212.151 203.647 209.38 209.304 206.495 142.042 152.315 139.943 150.36 137.928 148.486 145.437 141.421 148.862 144.941 114.612 
81.5843 77.666 73.7564 69.857 65.9697 36 36.2215 36.8782 37.9473 125.028 125.603 121.062 121.655 117.098 117.712 113.137 113.772 109.179 109.836 185.602 190.536 188.043 16.4924 16.4924 12.6491 12.6491 8.94427 8.94427 5.65685 5.65685 16 4 175.454 183.87 172.557 181.108 169.706 178.393 166.901 175.727 178.213 169.8 181.019 172.743 140.513 140.057 136.528 136.059 140.228 136.235 12.6491 16.4924 20.3961 24.3311 8 0 8.94427 4 11.3137 8 14.4222 12 4 200.998 206.495 198.071 203.647 203.725 200.838 135.351 145.437 133.147 143.388 131.027 141.421 138.679 134.462 142.042 137.928 107.703 
87.3613 83.5225 79.6994 75.8947 72.111 28.2843 28 28.2843 29.1204 130.231 131.027 126.301 127.122 122.376 123.223 118.457 119.331 114.543 115.447 193.659 198.716 196.163 20.3961 23.3238 16.4924 20 12.6491 16.9706 8.94427 14.4222 21.5407 11.3137 183.87 192.416 181.019 189.694 178.213 187.019 175.454 184.391 186.676 178.393 189.526 181.373 144.056 144.056 140.057 140.057 144 140 8.94427 12.6491 16.4924 20.3961 4 8.94427 0 8 4 8.94427 8 11.3137 5.65685 209.38 214.96 206.495 212.151 212.151 209.304 144.222 154.35 142.042 152.315 139.943 150.36 147.567 143.388 150.944 146.86 116.619 
85.5102 81.5843 77.666 73.7564 69.857 36.2215 36 36.2215 36.8782 128.996 129.553 125.028 125.603 121.062 121.655 117.098 117.712 113.137 113.772 188.807 193.659 191.207 20.3961 20.3961 16.4924 16.4924 12.6491 12.6491 8.94427 8.94427 20 8 178.393 186.676 175.454 183.87 172.557 181.108 169.706 178.393 181.108 172.557 183.87 175.454 144.499 144.056 140.513 140.057 144.222 140.228 8.94427 12.6491 16.4924 20.3961 8.94427 4 8 0 8.94427 4 11.3137 8 5.65685 203.961 209.38 200.998 206.495 206.649 203.725 137.637 147.567 135.351 145.437 133.147 143.388 140.911 136.528 144.222 139.943 109.836 
91.214 87.3613 83.5225 79.6994 75.8947 29.1204 28.2843 28 28.2843 134.164 134.937 130.231 131.027 126.301 127.122 122.376 123.223 118.457 119.331 196.815 201.792 199.279 24.3311 26.8328 20.3961 23.3238 16.4924 20 12.6491 16.9706 25.2982 14.4222 186.762 195.182 183.87 192.416 181.019 189.694 178.213 187.019 189.526 181.108 192.333 184.043 148.054 148.054 144.056 144.056 148 144 5.65685 8.94427 12.6491 16.4924 8 11.3137 4 8.94427 0 8 4 8.94427 8.94427 212.302 217.807 209.38 214.96 215.035 212.151 146.479 156.461 144.222 154.35 142.042 152.315 149.773 145.437 153.101 148.862 118.727 
89.4427 85.5102 81.5843 77.666 73.7564 36.8782 36.2215 36 36.2215 132.966 133.507 128.996 129.553 125.028 125.603 121.062 121.655 117.098 117.712 192.042 196.815 194.402 24.3311 24.3311 20.3961 20.3961 16.4924 16.4924 12.6491 12.6491 24 12 181.373 189.526 178.393 186.676 175.454 183.87 172.557 181.108 184.043 175.362 186.762 178.213 148.486 148.054 144.499 144.056 148.216 144.222 5.65685 8.94427 12.6491 16.4924 11.3137 8 8.94427 4 8 0 8.94427 4 8.94427 206.959 212.302 203.961 209.38 209.609 206.649 140 149.773 137.637 147.567 135.351 145.437 143.22 138.679 146.479 142.042 112.071 
95.0789 91.214 87.3613 83.5225 79.6994 30.4631 29.1204 28.2843 28 138.101 138.852 134.164 134.937 130.231 131.027 126.301 127.122 122.376 123.223 200 204.9 202.425 28.2843 30.4631 24.3311 26.8328 20.3961 23.3238 16.4924 20 29.1204 17.8885 189.694 197.99 186.762 195.182 183.87 192.416 181.019 189.694 192.416 183.87 195.182 186.762 152.053 152.053 148.054 148.054 152 148 4 5.65685 8.94427 12.6491 12 14.4222 8 11.3137 4 8.94427 0 8 12.6491 215.258 220.69 212.302 217.807 217.954 215.035 148.809 158.644 146.479 156.461 144.222 154.35 152.053 147.567 155.332 150.944 120.93 
93.3809 89.4427 85.5102 81.5843 77.666 37.9473 36.8782 36.2215 36 136.938 137.463 132.966 133.507 128.996 129.553 125.028 125.603 121.062 121.655 195.305 200 197.626 28.2843 28.2843 24.3311 24.3311 20.3961 20.3961 16.4924 16.4924 28 16 184.391 192.416 181.373 189.526 178.393 186.676 175.454 183.87 187.019 178.213 189.694 181.019 152.473 152.053 148.486 148.054 152.21 148.216 4 5.65685 8.94427 12.6491 14.4222 12 11.3137 8 8.94427 4 8 0 12.6491 209.99 215.258 206.959 212.302 212.603 209.609 142.436 152.053 140 149.773 137.637 147.567 145.602 140.911 148.809 144.222 114.403 
82.4621 78.5875 74.7262 70.8802 67.0522 32 32.249 32.9848 34.176 125.603 126.301 121.655 122.376 117.712 118.457 113.772 114.543 109.836 110.635 188.043 193.08 190.536 16 17.8885 12 14.4222 8 11.3137 4 8.94427 16.4924 5.65685 178.213 186.762 175.362 184.043 172.557 181.373 169.8 178.751 181.019 172.743 183.87 175.727 140.228 140 136.235 136 140.057 136.059 12 16 20 24 4 4 5.65685 5.65685 8.94427 8.94427 12.6491 12.6491 0 203.725 209.304 200.838 206.495 206.495 203.647 138.679 148.862 136.528 146.86 134.462 144.941 142.042 137.928 145.437 141.421 111.14 
137.928 139.943 142.042 144.222 146.479 226.91 229.539 232.207 234.913 122.376 118.457 123.223 119.331 124.193 120.333 125.284 121.458 126.491 122.703 24 16 20 192.416 186.676 195.182 189.526 197.99 192.416 200.838 195.346 189.526 198.071 25.6125 20.3961 28.8444 24.3311 32.249 28.2843 35.7771 32.249 23.3238 34.176 21.5407 32.9848 148.216 140.228 148.486 140.513 144.222 144.499 212.603 215.629 218.687 221.775 206.495 200.998 209.38 203.961 212.302 206.959 215.258 209.99 203.725 0 8 4 8.94427 4 5.65685 75.8947 72.9932 79.6994 76.9415 83.5225 80.895 74.7262 82.4621 73.7564 81.5843 101.98 
144.941 146.86 148.862 150.944 153.101 233.032 235.593 238.193 240.832 130.231 126.301 131.027 127.122 131.939 128.062 132.966 129.12 134.104 130.292 32 24 28 198.313 192.416 200.998 195.182 203.725 197.99 206.495 200.838 195.346 203.647 31.241 23.3238 33.9411 26.8328 36.8782 30.4631 40 34.176 28.2843 37.7359 25.6125 35.7771 156.205 148.216 156.461 148.486 152.21 152.473 217.954 220.907 223.893 226.91 212.151 206.495 214.96 209.38 217.807 212.302 220.69 215.258 209.304 8 0 8.94427 4 4 5.65685 78.7909 74.7262 82.4621 78.5875 86.1626 82.4621 77.2528 84.7585 75.8947 83.5225 105.679 
136 137.928 139.943 142.042 144.222 224.321 226.91 229.539 232.207 121.655 117.712 122.376 118.457 123.223 119.331 124.193 120.333 125.284 121.458 24.3311 16.4924 20.3961 189.694 183.87 192.416 186.676 195.182 189.526 197.99 192.416 186.762 195.182 22.6274 16.4924 25.6125 20.3961 28.8444 24.3311 32.249 28.2843 20 30.4631 17.8885 29.1204 148.054 140.057 148.216 140.228 144.056 144.222 209.609 212.603 215.629 218.687 203.647 198.071 206.495 200.998 209.38 203.961 212.302 206.959 200.838 4 8.94427 0 8 5.65685 4 72.111 69.0507 75.8947 72.9932 79.6994 76.9415 70.8802 78.5875 69.857 77.666 98.387 
143.108 144.941 146.86 148.862 150.944 230.512 233.032 235.593 238.193 129.553 125.603 130.231 126.301 131.027 127.122 131.939 128.062 132.966 129.12 32.249 24.3311 28.2843 195.673 189.694 198.313 192.416 200.998 195.182 203.725 197.99 192.666 200.838 28.8444 20 31.241 23.3238 33.9411 26.8328 36.8782 30.4631 25.6125 34.4093 22.6274 32.249 156.051 148.054 156.205 148.216 152.053 152.21 215.035 217.954 220.907 223.893 209.38 203.647 212.151 206.495 214.96 209.38 217.807 212.302 206.495 8.94427 4 8 0 5.65685 4 75.1532 70.8802 78.7909 74.7262 82.4621 78.5875 73.5391 80.9938 72.111 79.6994 102.215 
141.421 143.388 145.437 147.567 149.773 229.957 232.551 235.185 237.857 126.301 122.376 127.122 123.223 128.062 124.193 129.12 125.284 130.292 126.491 28 20 24 195.346 189.526 198.071 192.333 200.838 195.182 203.647 198.071 192.416 200.838 28.2843 21.5407 31.241 25.2982 34.4093 29.1204 37.7359 32.9848 25.6125 35.7771 23.3238 34.176 152.21 144.222 152.473 144.499 148.216 148.486 215.258 218.248 221.269 224.321 209.304 203.725 212.151 206.649 215.035 209.609 217.954 212.603 206.495 4 4 5.65685 5.65685 0 4 77.2528 73.7564 80.9938 77.666 84.7585 81.5843 75.8947 83.5225 74.7262 82.4621 103.769 
